-85.0757164966	-87.09981751
-77.7409921259	-78.47971875
-78.1093204575	-78.47971875
-78.2942379925	-78.47971875
-78.2942379925	-79.2282507437
-77.7409921259	-79.0400247767
-78.2942379925	-78.8525621281
-77.3743830245	-78.1093204575
-77.9249200316	-78.6658103878
-81.3657693928	-81.7715380581
-78.1093204575	-79.4172940622
-76.2817164064	-79.6072104091
-78.47971875	-79.4172940622
-77.9249200316	-78.47971875
-78.1093204575	-78.6658103878
-78.1093204575	-79.4172940622
-77.9249200316	-78.8525621281
-77.9249200316	-79.2282507437
-77.7409921259	-78.6658103878
-77.9249200316	-78.2942379925
-77.9249200316	-78.2942379925
-78.2942379925	-78.47971875
-77.7409921259	-78.8525621281
-77.9249200316	-79.0400247767
-77.9249200316	-78.8525621281
-77.9249200316	-78.8525621281
-78.1093204575	-79.0400247767
-78.2942379925	-78.6658103878
-78.1093204575	-78.2942379925
-77.9249200316	-78.6658103878
-78.1093204575	-78.47971875
-77.5574936566	-78.47971875
-77.7409921259	-78.8525621281
-78.1093204575	-79.0400247767
-77.9249200316	-78.47971875
-77.7409921259	-78.47971875
-78.6658103878	-78.47971875
-78.1093204575	-78.6658103878
-77.9249200316	-78.47971875
-77.7409921259	-78.6658103878
-78.1093204575	-78.47971875
-77.7409921259	-79.0400247767
-78.1093204575	-78.8525621281
-77.7409921259	-78.6658103878
-78.2942379925	-79.4172940622
-77.5574936566	-78.47971875
-78.1093204575	-78.8525621281
-78.2942379925	-78.47971875
-78.1093204575	-78.6658103878
-77.9249200316	-78.8525621281
-77.9249200316	-78.47971875
-77.7409921259	-78.6658103878
-77.5574936566	-78.47971875
-77.5574936566	-78.6658103878
-77.5574936566	-78.47971875
-77.9249200316	-78.6658103878
-77.7409921259	-78.8525621281
-78.1093204575	-78.47971875
-78.1093204575	-79.0400247767
-78.1093204575	-78.2942379925
-77.9249200316	-78.6658103878
-77.9249200316	-78.47971875
-78.2942379925	-78.8525621281
-78.2942379925	-78.47971875
-77.9249200316	-78.2942379925
-77.7409921259	-78.8525621281
-77.9249200316	-78.6658103878
-77.9249200316	-78.47971875
-77.9249200316	-78.8525621281
-77.9249200316	-78.6658103878
-77.7409921259	-78.47971875
-77.9249200316	-78.47971875
-77.9249200316	-78.2942379925
-77.7409921259	-78.8525621281
-78.1093204575	-78.47971875
-78.2942379925	-78.6658103878
-78.2942379925	-78.6658103878
-78.6658103878	-78.47971875
-78.1093204575	-78.6658103878
-78.47971875	-78.8525621281
-78.1093204575	-78.47971875
-77.7409921259	-78.47971875
-77.9249200316	-78.6658103878
-78.1093204575	-79.2282507437
-77.7409921259	-78.6658103878
-77.7409921259	-78.6658103878
-77.9249200316	-78.8525621281
-78.2942379925	-78.6658103878
-77.9249200316	-78.2942379925
-78.1093204575	-78.47971875
-77.5574936566	-78.47971875
-77.9249200316	-78.6658103878
-77.7409921259	-78.47971875
-77.7409921259	-78.6658103878
-77.9249200316	-78.47971875
-77.5574936566	-78.2942379925
-77.7409921259	-78.6658103878
-78.1093204575	-79.0400247767
-78.1093204575	-78.2942379925
-77.9249200316	-78.47971875
-77.9249200316	-78.2942379925
-77.7409921259	-78.8525621281
-77.9249200316	-78.2942379925
-78.2942379925	-78.47971875
-77.7409921259	-78.47971875
-78.1093204575	-78.6658103878
-77.7409921259	-78.6658103878
-78.1093204575	-78.2942379925
-77.9249200316	-78.6658103878
-77.7409921259	-78.2942379925
-78.1093204575	-78.8525621281
-77.9249200316	-78.47971875
-78.1093204575	-78.6658103878
-78.1093204575	-79.0400247767
-78.2942379925	-79.2282507437
-77.5574936566	-78.6658103878
-77.7409921259	-78.47971875
-77.5574936566	-78.2942379925
-77.7409921259	-78.2942379925
-77.7409921259	-78.1093204575
-77.9249200316	-78.6658103878
-78.1093204575	-78.47971875
-77.7409921259	-78.2942379925
-78.2942379925	-78.47971875
-77.5574936566	-78.2942379925
-77.9249200316	-78.1093204575
-77.0091661834	-77.7409921259
-78.47971875	-79.9898932302
-77.7409921259	-77.9249200316
-79.9898932302	-82.6038379399
-77.9249200316	-78.47971875
-77.9249200316	-78.6658103878
-77.7409921259	-78.2942379925
-77.9249200316	-78.8525621281
-77.9249200316	-78.47971875
-78.1093204575	-78.6658103878
-77.9249200316	-78.6658103878
-78.1093204575	-78.47971875
-77.9249200316	-78.47971875
-77.9249200316	-78.6658103878
-78.1093204575	-78.47971875
-77.9249200316	-78.1093204575
-78.2942379925	-78.8525621281
-78.1093204575	-79.2282507437
-77.7409921259	-78.47971875
-78.1093204575	-78.47971875
-77.7409921259	-78.6658103878
-78.1093204575	-78.8525621281
-77.9249200316	-78.8525621281
-77.9249200316	-78.6658103878
-78.2942379925	-78.47971875
-78.47971875	-78.8525621281
-77.9249200316	-78.8525621281
-77.7409921259	-78.8525621281
-77.9249200316	-79.0400247767
-77.9249200316	-79.0400247767
-78.1093204575	-79.2282507437
-77.7409921259	-78.47971875
-78.1093204575	-78.6658103878
-77.9249200316	-79.0400247767
-77.7409921259	-78.8525621281
-77.5574936566	-78.2942379925
-77.9249200316	-78.8525621281
-78.1093204575	-78.8525621281
-78.1093204575	-79.0400247767
-77.9249200316	-79.0400247767
-78.1093204575	-79.0400247767
-78.2942379925	-78.2942379925
-78.1093204575	-79.2282507437
-77.9249200316	-78.47971875
-78.47971875	-78.6658103878
-78.2942379925	-78.8525621281
-77.5574936566	-78.2942379925
-78.2942379925	-78.6658103878
-77.7409921259	-78.8525621281
-77.7409921259	-78.1093204575
-77.7409921259	-78.2942379925
-77.9249200316	-78.6658103878
-78.1093204575	-79.2282507437
-78.1093204575	-78.8525621281
-78.1093204575	-79.0400247767
-77.9249200316	-78.8525621281
-78.47971875	-78.6658103878
-77.9249200316	-78.47971875
-77.7409921259	-78.47971875
-78.1093204575	-78.6658103878
-77.7409921259	-78.47971875
-77.5574936566	-78.47971875
-77.9249200316	-78.47971875
-77.9249200316	-78.6658103878
-77.9249200316	-78.2942379925
-77.5574936566	-78.6658103878
-77.9249200316	-78.2942379925
-77.9249200316	-79.0400247767
-77.9249200316	-78.2942379925
-78.1093204575	-78.2942379925
-78.1093204575	-79.0400247767
-77.5574936566	-78.47971875
-78.1093204575	-78.6658103878
-78.1093204575	-78.47971875
-78.1093204575	-78.6658103878
-77.7409921259	-78.8525621281
-77.9249200316	-78.47971875
-77.7409921259	-78.47971875
-78.1093204575	-78.8525621281
-77.5574936566	-78.47971875
-77.9249200316	-78.6658103878
-78.1093204575	-78.47971875
-78.2942379925	-79.2282507437
-77.7409921259	-78.6658103878
-77.9249200316	-79.4172940622
-78.1093204575	-78.8525621281
-77.9249200316	-78.47971875
-77.7409921259	-78.8525621281
-78.1093204575	-78.8525621281
-78.1093204575	-78.6658103878
-78.1093204575	-78.47971875
-77.7409921259	-78.47971875
-78.2942379925	-78.47971875
-78.1093204575	-78.47971875
-78.1093204575	-78.6658103878
-77.7409921259	-78.8525621281
-77.9249200316	-78.8525621281
-77.9249200316	-79.0400247767
-78.1093204575	-78.6658103878
-77.7409921259	-78.8525621281
-77.7409921259	-78.6658103878
-78.2942379925	-78.8525621281
-77.7409921259	-78.6658103878
-77.9249200316	-78.6658103878
-78.2942379925	-78.2942379925
-77.7409921259	-78.47971875
-77.9249200316	-78.2942379925
-77.7409921259	-78.6658103878
-78.1093204575	-78.6658103878
-77.7409921259	-78.1093204575
-77.3743830245	-78.1093204575
-77.5574936566	-78.1093204575
-77.5574936566	-78.1093204575
-77.9249200316	-78.47971875
-77.1916200962	-77.7409921259
-77.7409921259	-78.1093204575
-77.5574936566	-78.1093204575
-77.7409921259	-78.2942379925
-77.9249200316	-78.2942379925
-77.5574936566	-78.47971875
-77.5574936566	-78.2942379925
-77.3743830245	-78.1093204575
-77.5574936566	-78.2942379925
-77.9249200316	-78.47971875
-77.3743830245	-77.9249200316
-77.7409921259	-78.1093204575
-77.1916200962	-78.47971875
-77.5574936566	-78.47971875
-77.5574936566	-78.1093204575
-77.3743830245	-78.2942379925
-77.3743830245	-78.47971875
-77.5574936566	-78.1093204575
-77.3743830245	-78.2942379925
-77.5574936566	-78.2942379925
-77.5574936566	-78.47971875
-77.5574936566	-78.1093204575
-77.1916200962	-78.2942379925
-77.3743830245	-78.2942379925
-77.7409921259	-78.1093204575
-77.7409921259	-78.47971875
-77.5574936566	-78.47971875
-77.5574936566	-77.7409921259
-77.5574936566	-77.9249200316
-77.3743830245	-78.1093204575
-77.1916200962	-78.1093204575
-77.5574936566	-77.9249200316
-77.3743830245	-77.9249200316
-77.3743830245	-78.1093204575
-77.5574936566	-78.2942379925
-77.3743830245	-78.47971875
-77.5574936566	-78.2942379925
-77.5574936566	-78.2942379925
-77.7409921259	-78.1093204575
-77.5574936566	-77.7409921259
-77.7409921259	-78.2942379925
-77.5574936566	-78.47971875
-77.0091661834	-77.9249200316
-77.3743830245	-77.9249200316
-77.0091661834	-78.1093204575
-77.5574936566	-77.9249200316
-77.7409921259	-77.9249200316
-77.5574936566	-78.2942379925
-77.3743830245	-78.1093204575
-77.5574936566	-79.0400247767
-77.9249200316	-77.9249200316
-77.3743830245	-77.9249200316
-77.3743830245	-77.9249200316
-77.1916200962	-77.7409921259
-77.5574936566	-78.47971875
-77.1916200962	-78.2942379925
-77.1916200962	-77.9249200316
-77.1916200962	-77.9249200316
-77.3743830245	-77.9249200316
-77.1916200962	-77.7409921259
-77.3743830245	-77.9249200316
-77.3743830245	-77.5574936566
-77.0091661834	-78.1093204575
-77.1916200962	-77.9249200316
-77.5574936566	-77.9249200316
-77.7409921259	-78.2942379925
-77.5574936566	-78.2942379925
-76.8269840235	-77.9249200316
-77.5574936566	-78.2942379925
-77.1916200962	-77.7409921259
-77.3743830245	-77.9249200316
-77.3743830245	-78.1093204575
-77.1916200962	-77.9249200316
-77.3743830245	-77.9249200316
-78.1093204575	-78.2942379925
-77.7409921259	-78.2942379925
-77.1916200962	-78.1093204575
-77.3743830245	-78.2942379925
-77.5574936566	-78.2942379925
-77.5574936566	-78.1093204575
-77.5574936566	-77.9249200316

