-89.3813998571	-90.0
-90.0	-90.0
-90.0	-90.0
-89.0798273683	-90.0
-90.0	-90.0
-89.6880748762	-90.0
-90.0	-90.0
-86.3140473542	-89.6880748762
-87.9216988049	-89.6880748762
-89.3813998571	-90.0
-90.0	-90.0
-85.5610580402	-88.4914122347
-87.09981751	-90.0
-88.2042869321	-90.0
-89.0798273683	-90.0
-90.0	-90.0
-89.6880748762	-90.0
-89.6880748762	-90.0
-89.6880748762	-90.0
-90.0	-90.0
-89.3813998571	-90.0
-90.0	-90.0
-89.6880748762	-90.0
-89.3813998571	-90.0
-90.0	-89.6880748762
-89.0798273683	-90.0
-90.0	-90.0
-90.0	-90.0
-89.6880748762	-90.0
-89.6880748762	-90.0
-90.0	-90.0
-89.3813998571	-90.0
-90.0	-90.0
-90.0	-90.0
-89.6880748762	-90.0
-89.6880748762	-90.0
-90.0	-90.0
-90.0	-90.0
-90.0	-90.0
-89.6880748762	-90.0
-90.0	-90.0
-90.0	-90.0
-90.0	-90.0
-90.0	-90.0
-90.0	-90.0
-90.0	-90.0
-90.0	-90.0
-90.0	-90.0
-89.3813998571	-90.0
-89.6880748762	-90.0
-89.3813998571	-90.0
-89.6880748762	-90.0
-90.0	-90.0
-89.6880748762	-90.0
-90.0	-90.0
-89.0798273683	-90.0
-89.6880748762	-90.0
-89.3813998571	-90.0
-89.6880748762	-90.0
-90.0	-90.0
-90.0	-90.0
-89.6880748762	-90.0
-89.6880748762	-90.0
-90.0	-90.0
-90.0	-90.0
-90.0	-90.0
-90.0	-90.0
-89.6880748762	-90.0
-90.0	-90.0
-90.0	-90.0
-90.0	-90.0
-90.0	-90.0
-90.0	-90.0
-89.6880748762	-90.0
-89.6880748762	-90.0
-89.6880748762	-90.0
-90.0	-90.0
-89.6880748762	-90.0
-89.3813998571	-90.0
-90.0	-90.0
-89.3813998571	-90.0
-90.0	-90.0
-90.0	-90.0
-89.6880748762	-90.0
-90.0	-90.0
-90.0	-90.0
-90.0	-90.0
-90.0	-90.0
-90.0	-90.0
-89.6880748762	-90.0
-90.0	-90.0
-90.0	-90.0
-90.0	-90.0
-90.0	-90.0
-90.0	-90.0
-90.0	-90.0
-89.6880748762	-90.0
-90.0	-90.0
-89.6880748762	-90.0
-89.6880748762	-90.0
-89.6880748762	-90.0
-90.0	-90.0
-89.3813998571	-90.0
-90.0	-90.0
-90.0	-90.0
-89.6880748762	-90.0
-90.0	-90.0
-89.6880748762	-90.0
-90.0	-90.0
-89.6880748762	-90.0
-90.0	-90.0
-90.0	-90.0
-89.6880748762	-90.0
-89.3813998571	-90.0
-90.0	-90.0
-90.0	-90.0
-90.0	-90.0
-90.0	-90.0
-89.6880748762	-90.0
-90.0	-90.0
-90.0	-90.0
-90.0	-90.0
-90.0	-90.0
-90.0	-90.0
-89.6880748762	-90.0
-89.6880748762	-90.0
-89.6880748762	-90.0
-90.0	-90.0
-89.6880748762	-90.0
-89.6880748762	-90.0
-90.0	-90.0
-90.0	-90.0
-90.0	-90.0
-90.0	-90.0
-90.0	-90.0
-90.0	-90.0
-90.0	-90.0
-90.0	-90.0
-90.0	-90.0
-89.6880748762	-90.0
-90.0	-90.0
-90.0	-90.0
-90.0	-90.0
-90.0	-90.0
-89.3813998571	-90.0
-89.0798273683	-90.0
-89.6880748762	-90.0
-89.3813998571	-90.0
-90.0	-90.0
-90.0	-90.0
-89.6880748762	-90.0
-89.6880748762	-90.0
-89.6880748762	-90.0
-90.0	-90.0
-90.0	-90.0
-90.0	-90.0
-89.6880748762	-90.0
-89.6880748762	-90.0
-89.6880748762	-90.0
-90.0	-90.0
-90.0	-90.0
-89.6880748762	-90.0
-89.6880748762	-90.0
-89.3813998571	-90.0
-90.0	-90.0
-89.6880748762	-90.0
-90.0	-90.0
-90.0	-90.0
-90.0	-90.0
-90.0	-90.0
-89.3813998571	-90.0
-90.0	-90.0
-90.0	-90.0
-90.0	-90.0
-90.0	-90.0
-90.0	-90.0
-89.6880748762	-90.0
-89.6880748762	-90.0
-90.0	-90.0
-89.6880748762	-90.0
-90.0	-90.0
-89.3813998571	-90.0
-90.0	-90.0
-90.0	-90.0
-89.3813998571	-90.0
-89.3813998571	-90.0
-90.0	-90.0
-90.0	-90.0
-90.0	-90.0
-90.0	-90.0
-89.3813998571	-90.0
-89.0798273683	-90.0
-90.0	-90.0
-90.0	-90.0
-90.0	-90.0
-89.6880748762	-90.0
-90.0	-90.0
-89.6880748762	-90.0
-89.6880748762	-90.0
-90.0	-90.0
-89.6880748762	-90.0
-89.6880748762	-90.0
-90.0	-90.0
-90.0	-90.0
-90.0	-90.0
-90.0	-90.0
-90.0	-90.0
-90.0	-90.0
-90.0	-90.0
-90.0	-90.0
-89.3813998571	-90.0
-89.6880748762	-90.0
-90.0	-90.0
-89.6880748762	-90.0
-89.6880748762	-90.0
-89.3813998571	-90.0
-90.0	-90.0
-90.0	-90.0
-90.0	-90.0
-89.6880748762	-90.0
-90.0	-90.0
-89.6880748762	-90.0
-90.0	-90.0
-90.0	-90.0
-90.0	-90.0
-90.0	-90.0
-89.6880748762	-90.0
-90.0	-90.0
-90.0	-90.0
-89.6880748762	-90.0
-90.0	-90.0
-89.6880748762	-90.0
-90.0	-90.0
-89.6880748762	-90.0
-89.3813998571	-90.0
-90.0	-90.0
-89.3813998571	-90.0
-90.0	-90.0
-90.0	-90.0
-89.6880748762	-90.0
-90.0	-90.0
-90.0	-90.0
-90.0	-90.0
-89.6880748762	-90.0
-90.0	-90.0
-89.3813998571	-90.0
-89.6880748762	-90.0
-90.0	-90.0
-90.0	-90.0
-90.0	-90.0
-89.3813998571	-90.0
-90.0	-90.0
-89.6880748762	-90.0
-89.3813998571	-90.0
-90.0	-90.0
-89.3813998571	-90.0
-90.0	-90.0
-90.0	-90.0
-90.0	-90.0
-89.3813998571	-90.0
-90.0	-90.0
-90.0	-90.0
-90.0	-90.0
-89.6880748762	-90.0
-89.6880748762	-90.0
-90.0	-90.0
-90.0	-90.0
-90.0	-90.0
-90.0	-90.0
-89.6880748762	-90.0
-89.6880748762	-90.0
-90.0	-90.0
-90.0	-90.0
-90.0	-90.0
-90.0	-90.0
-90.0	-90.0
-90.0	-90.0
-90.0	-90.0
-90.0	-90.0
-90.0	-90.0
-90.0	-90.0
-89.6880748762	-90.0
-90.0	-90.0
-90.0	-90.0
-89.6880748762	-90.0
-89.6880748762	-90.0
-89.6880748762	-90.0
-90.0	-90.0
-90.0	-90.0
-90.0	-90.0
-90.0	-90.0
-90.0	-90.0
-90.0	-90.0
-89.6880748762	-90.0
-90.0	-90.0
-89.6880748762	-90.0
-89.6880748762	-90.0
-90.0	-90.0
-90.0	-90.0
-90.0	-90.0
-89.6880748762	-90.0
-90.0	-90.0
-89.6880748762	-90.0
-89.0798273683	-90.0
-90.0	-90.0
-90.0	-90.0
-90.0	-90.0
-90.0	-90.0
-89.6880748762	-90.0
-90.0	-89.6880748762
-90.0	-90.0
-90.0	-90.0
-90.0	-90.0
-90.0	-90.0
-90.0	-90.0
-89.6880748762	-90.0
-90.0	-90.0
-89.6880748762	-90.0
-90.0	-90.0
-90.0	-90.0
-90.0	-90.0
-90.0	-90.0
-89.6880748762	-90.0
-90.0	-90.0
-89.6880748762	-90.0
-90.0	-90.0
-90.0	-90.0

