-84.3704642801	-83.2488205275
-87.09981751	-83.6900084097
-85.8086100291	-82.1840147574
-86.3140473542	-83.0316770976
-85.8086100291	-82.8167124487
-86.572167838	-84.3704642801
-85.8086100291	-83.2488205275
-84.3704642801	-82.6038379399
-83.9142403194	-82.6038379399
-85.8086100291	-84.8377052757
-87.643512651	-85.5610580402
-82.8167124487	-83.0316770976
-85.5610580402	-83.0316770976
-85.0757164966	-83.2488205275
-84.3704642801	-82.39296693
-85.5610580402	-83.9142403194
-86.3140473542	-83.4682333984
-86.572167838	-83.4682333984
-85.31679751	-83.0316770976
-85.31679751	-83.4682333984
-85.31679751	-83.2488205275
-85.31679751	-83.4682333984
-86.572167838	-84.60265632
-85.0757164966	-82.6038379399
-85.5610580402	-84.1410259645
-85.31679751	-82.8167124487
-85.31679751	-82.8167124487
-85.5610580402	-82.39296693
-85.5610580402	-83.9142403194
-85.0757164966	-83.9142403194
-86.572167838	-82.8167124487
-84.8377052757	-81.9768987206
-84.8377052757	-83.6900084097
-84.3704642801	-81.7715380581
-85.5610580402	-82.8167124487
-86.0595676552	-83.2488205275
-85.31679751	-83.6900084097
-86.0595676552	-83.2488205275
-85.8086100291	-82.6038379399
-84.8377052757	-82.8167124487
-85.31679751	-82.8167124487
-85.0757164966	-83.6900084097
-85.0757164966	-82.8167124487
-85.8086100291	-83.6900084097
-85.5610580402	-83.4682333984
-85.8086100291	-83.2488205275
-85.5610580402	-83.6900084097
-85.0757164966	-83.2488205275
-85.0757164966	-83.2488205275
-85.8086100291	-83.2488205275
-85.0757164966	-82.8167124487
-85.5610580402	-83.2488205275
-85.31679751	-83.2488205275
-86.572167838	-84.3704642801
-86.3140473542	-84.3704642801
-85.8086100291	-82.8167124487
-85.0757164966	-84.3704642801
-86.0595676552	-83.6900084097
-86.572167838	-83.6900084097
-86.3140473542	-83.9142403194
-86.3140473542	-83.2488205275
-85.31679751	-83.0316770976
-85.5610580402	-82.39296693
-86.0595676552	-83.2488205275
-85.8086100291	-83.2488205275
-85.8086100291	-83.6900084097
-84.60265632	-83.0316770976
-85.5610580402	-82.39296693
-85.31679751	-83.4682333984
-85.5610580402	-83.4682333984
-86.0595676552	-83.9142403194
-85.5610580402	-82.1840147574
-87.09981751	-83.6900084097
-84.8377052757	-83.0316770976
-86.572167838	-83.4682333984
-85.8086100291	-83.0316770976
-84.8377052757	-82.8167124487
-85.0757164966	-83.6900084097
-85.5610580402	-82.6038379399
-85.31679751	-83.4682333984
-85.5610580402	-83.6900084097
-84.60265632	-82.39296693
-85.0757164966	-83.0316770976
-84.60265632	-83.2488205275
-84.8377052757	-83.6900084097
-86.0595676552	-83.0316770976
-85.0757164966	-81.567853929
-86.572167838	-82.8167124487
-85.8086100291	-82.6038379399
-86.0595676552	-83.9142403194
-85.8086100291	-82.6038379399
-84.8377052757	-81.7715380581
-85.31679751	-82.6038379399
-85.8086100291	-82.39296693
-84.8377052757	-83.0316770976
-85.8086100291	-82.6038379399
-86.8340501151	-82.8167124487
-85.31679751	-81.567853929
-86.3140473542	-82.8167124487
-86.3140473542	-83.0316770976
-85.0757164966	-82.6038379399
-85.5610580402	-83.0316770976
-84.60265632	-82.39296693
-84.60265632	-83.6900084097
-85.8086100291	-83.9142403194
-85.0757164966	-83.6900084097
-85.0757164966	-83.4682333984
-85.8086100291	-83.2488205275
-86.8340501151	-83.4682333984
-85.8086100291	-83.6900084097
-85.31679751	-83.0316770976
-85.31679751	-83.4682333984
-84.8377052757	-83.0316770976
-85.31679751	-83.0316770976
-89.0798273683	-86.3140473542
-85.0757164966	-85.5610580402
-86.0595676552	-84.8377052757
-86.3140473542	-82.6038379399
-84.60265632	-83.0316770976
-85.5610580402	-84.1410259645
-85.5610580402	-82.39296693
-85.5610580402	-82.8167124487
-84.8377052757	-82.39296693
-84.8377052757	-83.2488205275
-86.0595676552	-82.6038379399
-85.5610580402	-82.39296693
-84.60265632	-82.8167124487
-86.572167838	-84.3704642801
-84.8377052757	-84.1410259645
-84.8377052757	-84.1410259645
-84.60265632	-82.8167124487
-84.8377052757	-83.0316770976
-85.31679751	-83.9142403194
-85.5610580402	-82.8167124487
-85.31679751	-83.4682333984
-84.8377052757	-83.0316770976
-85.5610580402	-82.39296693
-85.31679751	-82.8167124487
-84.3704642801	-82.6038379399
-85.5610580402	-83.2488205275
-84.8377052757	-83.2488205275
-84.8377052757	-83.9142403194
-85.8086100291	-81.9768987206
-90.0	-90.0
-90.0	-89.6880748762
-89.6880748762	-90.0
-90.0	-90.0
-90.0	-88.7832123495
-90.0	-90.0
-90.0	-89.6880748762
-90.0	-88.4914122347
-90.0	-89.3813998571
-90.0	-90.0
-90.0	-89.6880748762
-90.0	-90.0
-89.6880748762	-90.0
-90.0	-89.6880748762
-90.0	-90.0
-90.0	-90.0
-90.0	-89.6880748762
-90.0	-90.0
-90.0	-90.0
-90.0	-89.3813998571
-90.0	-89.3813998571
-90.0	-90.0
-90.0	-90.0
-90.0	-89.6880748762
-90.0	-88.7832123495
-89.6880748762	-88.7832123495
-90.0	-88.7832123495
-90.0	-88.7832123495
-90.0	-89.3813998571
-90.0	-89.6880748762
-90.0	-89.6880748762
-90.0	-89.6880748762
-90.0	-90.0
-90.0	-90.0
-89.6880748762	-89.0798273683
-90.0	-89.0798273683
-90.0	-90.0
-90.0	-90.0
-90.0	-90.0
-90.0	-89.6880748762
-90.0	-89.6880748762
-90.0	-89.3813998571
-90.0	-90.0
-90.0	-90.0
-90.0	-89.6880748762
-90.0	-89.0798273683
-90.0	-90.0
-90.0	-90.0
-90.0	-89.3813998571
-90.0	-90.0
-90.0	-90.0
-89.6880748762	-89.6880748762
-90.0	-89.6880748762
-90.0	-89.0798273683
-90.0	-89.0798273683
-90.0	-90.0
-90.0	-89.3813998571
-90.0	-89.3813998571
-90.0	-89.3813998571
-90.0	-89.6880748762
-90.0	-89.6880748762
-90.0	-89.6880748762
-90.0	-89.3813998571
-90.0	-88.4914122347
-89.6880748762	-89.6880748762
-89.6880748762	-88.7832123495
-90.0	-89.0798273683
-89.6880748762	-89.3813998571
-90.0	-89.6880748762
-90.0	-90.0
-90.0	-89.6880748762
-90.0	-89.6880748762
-90.0	-88.7832123495
-90.0	-88.7832123495
-90.0	-90.0
-90.0	-90.0
-90.0	-89.6880748762
-90.0	-90.0
-90.0	-90.0
-90.0	-90.0
-90.0	-90.0
-90.0	-89.6880748762
-90.0	-89.6880748762
-90.0	-90.0
-90.0	-90.0
-90.0	-90.0
-90.0	-89.6880748762
-90.0	-89.0798273683
-90.0	-89.6880748762
-90.0	-89.6880748762
-90.0	-89.0798273683
-90.0	-89.6880748762
-90.0	-88.7832123495
-90.0	-90.0
-90.0	-88.7832123495
-90.0	-89.6880748762
-90.0	-89.3813998571
-89.6880748762	-89.6880748762
-90.0	-88.2042869321
-90.0	-89.6880748762
-90.0	-89.0798273683
-90.0	-89.0798273683
-90.0	-90.0
-90.0	-89.6880748762
-90.0	-88.7832123495
-89.3813998571	-89.6880748762
-90.0	-87.643512651
-90.0	-89.3813998571
-89.6880748762	-90.0
-90.0	-89.0798273683
-90.0	-89.6880748762
-90.0	-90.0
-90.0	-90.0
-90.0	-89.3813998571
-90.0	-88.7832123495
-90.0	-89.3813998571

