-78.8525621281	-79.4172940622
-80.37677824	-79.2282507437
-77.7409921259	-79.2282507437
-78.8525621281	-79.2282507437
-78.2942379925	-78.8525621281
-78.1093204575	-78.6658103878
-79.0400247767	-79.6072104091
-77.5574936566	-78.47971875
-78.2942379925	-78.6658103878
-79.4172940622	-79.0400247767
-79.4172940622	-79.6072104091
-79.0400247767	-78.6658103878
-78.47971875	-79.2282507437
-77.7409921259	-78.47971875
-78.2942379925	-78.8525621281
-78.1093204575	-78.8525621281
-78.47971875	-79.2282507437
-78.2942379925	-78.47971875
-78.6658103878	-79.2282507437
-78.1093204575	-78.6658103878
-78.2942379925	-79.2282507437
-78.47971875	-78.47971875
-78.8525621281	-78.47971875
-78.2942379925	-78.8525621281
-78.2942379925	-79.0400247767
-78.8525621281	-78.6658103878
-78.8525621281	-79.2282507437
-78.1093204575	-78.8525621281
-78.47971875	-79.0400247767
-78.2942379925	-78.8525621281
-77.9249200316	-78.47971875
-78.1093204575	-79.0400247767
-77.9249200316	-78.8525621281
-78.1093204575	-78.2942379925
-78.8525621281	-79.6072104091
-78.2942379925	-79.0400247767
-78.1093204575	-78.47971875
-78.6658103878	-79.0400247767
-78.2942379925	-78.6658103878
-78.2942379925	-78.8525621281
-78.2942379925	-79.0400247767
-78.1093204575	-78.2942379925
-78.1093204575	-78.8525621281
-78.6658103878	-79.0400247767
-78.47971875	-78.8525621281
-78.2942379925	-78.8525621281
-78.2942379925	-78.6658103878
-78.1093204575	-78.8525621281
-78.47971875	-78.8525621281
-78.1093204575	-78.8525621281
-78.6658103878	-79.4172940622
-78.6658103878	-78.8525621281
-78.6658103878	-79.0400247767
-78.47971875	-79.6072104091
-78.1093204575	-78.6658103878
-79.2282507437	-78.6658103878
-78.6658103878	-79.4172940622
-78.8525621281	-79.0400247767
-78.8525621281	-79.2282507437
-78.2942379925	-78.47971875
-78.2942379925	-78.1093204575
-78.6658103878	-78.8525621281
-78.1093204575	-78.47971875
-77.9249200316	-78.6658103878
-78.1093204575	-78.8525621281
-78.2942379925	-79.2282507437
-78.47971875	-79.6072104091
-78.1093204575	-78.47971875
-78.6658103878	-79.0400247767
-78.6658103878	-79.6072104091
-78.8525621281	-79.0400247767
-78.47971875	-78.6658103878
-78.2942379925	-78.6658103878
-78.2942379925	-78.1093204575
-78.1093204575	-78.6658103878
-77.9249200316	-78.47971875
-77.7409921259	-78.2942379925
-78.1093204575	-78.47971875
-78.1093204575	-78.8525621281
-78.2942379925	-79.0400247767
-78.2942379925	-78.6658103878
-77.9249200316	-78.6658103878
-78.2942379925	-78.8525621281
-77.5574936566	-77.9249200316
-78.1093204575	-78.2942379925
-78.2942379925	-79.2282507437
-77.9249200316	-78.1093204575
-78.2942379925	-79.2282507437
-78.6658103878	-78.8525621281
-78.47971875	-78.8525621281
-77.7409921259	-78.1093204575
-78.1093204575	-78.6658103878
-77.7409921259	-78.2942379925
-78.2942379925	-78.47971875
-79.2282507437	-78.6658103878
-78.2942379925	-78.2942379925
-78.1093204575	-78.47971875
-77.9249200316	-78.47971875
-78.6658103878	-79.0400247767
-78.6658103878	-79.2282507437
-78.47971875	-78.47971875
-78.6658103878	-79.4172940622
-77.9249200316	-78.2942379925
-78.2942379925	-78.6658103878
-77.5574936566	-78.2942379925
-79.0400247767	-78.2942379925
-78.1093204575	-78.6658103878
-78.1093204575	-78.8525621281
-78.47971875	-78.6658103878
-78.1093204575	-78.6658103878
-78.6658103878	-78.8525621281
-77.9249200316	-78.6658103878
-78.2942379925	-78.8525621281
-78.1093204575	-78.8525621281
-78.2942379925	-79.0400247767
-77.9249200316	-78.6658103878
-78.2942379925	-78.8525621281
-78.6658103878	-78.8525621281
-78.47971875	-78.47971875
-78.1093204575	-78.8525621281
-78.2942379925	-78.47971875
-79.4172940622	-81.3657693928
-78.2942379925	-79.2282507437
-79.4172940622	-79.2282507437
-78.47971875	-78.47971875
-77.9249200316	-78.1093204575
-77.7409921259	-78.47971875
-78.2942379925	-78.47971875
-78.2942379925	-78.6658103878
-78.1093204575	-78.8525621281
-78.6658103878	-78.8525621281
-78.8525621281	-79.2282507437
-79.2282507437	-78.8525621281
-78.2942379925	-79.0400247767
-79.4172940622	-80.37677824
-79.4172940622	-79.7980571241
-79.2282507437	-79.4172940622
-79.0400247767	-79.4172940622
-79.6072104091	-80.37677824
-79.2282507437	-78.6658103878
-78.6658103878	-78.6658103878
-78.1093204575	-79.0400247767
-79.9898932302	-80.571953782
-78.8525621281	-79.7980571241
-78.6658103878	-79.4172940622
-79.9898932302	-80.37677824
-78.8525621281	-79.6072104091
-79.6072104091	-80.1827794529
-79.9898932302	-80.1827794529
-79.4172940622	-79.4172940622
-78.8525621281	-79.4172940622
-77.9249200316	-78.8525621281
-79.2282507437	-79.4172940622
-79.2282507437	-79.6072104091
-80.1827794529	-80.37677824
-79.2282507437	-79.4172940622
-79.4172940622	-79.6072104091
-78.6658103878	-79.2282507437
-79.2282507437	-79.9898932302
-79.0400247767	-79.7980571241
-79.2282507437	-79.4172940622
-79.0400247767	-79.6072104091
-79.0400247767	-79.4172940622
-79.2282507437	-79.7980571241
-78.8525621281	-79.0400247767
-78.1093204575	-78.8525621281
-78.6658103878	-79.7980571241
-78.8525621281	-79.2282507437
-78.47971875	-79.2282507437
-78.47971875	-78.8525621281
-78.6658103878	-78.6658103878
-79.0400247767	-79.4172940622
-78.6658103878	-79.4172940622
-78.6658103878	-78.8525621281
-78.47971875	-79.4172940622
-79.0400247767	-79.0400247767
-78.47971875	-79.0400247767
-78.6658103878	-79.2282507437
-78.1093204575	-78.8525621281
-78.47971875	-78.6658103878
-78.47971875	-78.8525621281
-78.6658103878	-79.4172940622
-78.8525621281	-79.0400247767
-78.47971875	-79.0400247767
-78.1093204575	-78.6658103878
-78.8525621281	-78.8525621281
-78.47971875	-79.0400247767
-78.2942379925	-79.2282507437
-78.47971875	-79.4172940622
-79.2282507437	-79.6072104091
-79.2282507437	-79.0400247767
-78.6658103878	-79.2282507437
-78.47971875	-79.9898932302
-78.2942379925	-79.6072104091
-77.9249200316	-79.0400247767
-78.47971875	-79.2282507437
-78.6658103878	-79.9898932302
-78.8525621281	-79.4172940622
-78.47971875	-78.8525621281
-78.2942379925	-79.7980571241
-79.2282507437	-79.4172940622
-78.6658103878	-79.4172940622
-78.8525621281	-79.9898932302
-79.4172940622	-80.1827794529
-79.4172940622	-80.37677824
-79.2282507437	-80.1827794529
-79.2282507437	-79.7980571241
-79.6072104091	-80.571953782
-79.4172940622	-79.9898932302
-79.9898932302	-80.571953782
-79.9898932302	-81.16520939
-78.8525621281	-79.6072104091
-79.4172940622	-80.37677824
-78.8525621281	-79.7980571241
-78.8525621281	-79.2282507437
-78.47971875	-79.7980571241
-79.6072104091	-79.7980571241
-79.2282507437	-79.9898932302
-79.2282507437	-78.8525621281
-79.4172940622	-80.37677824
-78.6658103878	-79.4172940622
-79.2282507437	-79.7980571241
-78.6658103878	-79.2282507437
-79.2282507437	-79.7980571241
-78.8525621281	-79.0400247767
-79.4172940622	-79.7980571241
-78.8525621281	-79.0400247767
-79.0400247767	-79.4172940622
-78.8525621281	-79.6072104091
-79.0400247767	-79.4172940622
-78.8525621281	-79.0400247767
-79.4172940622	-79.0400247767
-78.6658103878	-79.4172940622
-79.4172940622	-79.0400247767
-79.2282507437	-79.4172940622
-79.2282507437	-79.9898932302
-79.2282507437	-79.6072104091
-78.2942379925	-78.8525621281
-79.9898932302	-80.37677824
-79.0400247767	-79.2282507437
-79.2282507437	-79.2282507437
-78.47971875	-79.0400247767
-79.2282507437	-80.1827794529
-78.8525621281	-79.0400247767
-78.47971875	-78.2942379925
-78.6658103878	-79.0400247767
-78.6658103878	-79.2282507437
-78.47971875	-79.0400247767
-78.47971875	-79.9898932302
-78.6658103878	-79.0400247767
-78.8525621281	-79.2282507437
-79.6072104091	-79.9898932302
-79.4172940622	-78.8525621281
-78.8525621281	-79.0400247767
-78.8525621281	-79.2282507437
-78.6658103878	-79.4172940622
-79.6072104091	-79.6072104091
-79.2282507437	-79.4172940622
-79.6072104091	-80.37677824
-79.2282507437	-80.1827794529
-79.2282507437	-78.47971875
-79.0400247767	-78.8525621281

