-83.4682333984	-84.8377052757
-80.7683720312	-82.1840147574
-78.1093204575	-79.9898932302
-78.47971875	-79.7980571241
-78.47971875	-79.9898932302
-78.6658103878	-79.7980571241
-79.2282507437	-79.7980571241
-78.1093204575	-80.1827794529
-80.1827794529	-80.7683720312
-79.6072104091	-80.1827794529
-78.1093204575	-81.9768987206
-79.2282507437	-79.6072104091
-80.571953782	-79.4172940622
-78.6658103878	-79.2282507437
-78.2942379925	-79.6072104091
-77.9249200316	-79.2282507437
-78.8525621281	-79.7980571241
-78.2942379925	-79.6072104091
-78.6658103878	-79.0400247767
-78.47971875	-79.4172940622
-78.2942379925	-80.1827794529
-78.47971875	-79.7980571241
-78.6658103878	-79.9898932302
-79.2282507437	-80.1827794529
-78.47971875	-79.4172940622
-78.8525621281	-80.571953782
-78.8525621281	-79.0400247767
-78.6658103878	-80.1827794529
-78.8525621281	-79.2282507437
-78.47971875	-79.4172940622
-78.6658103878	-79.2282507437
-79.4172940622	-80.571953782
-79.0400247767	-79.4172940622
-78.47971875	-80.37677824
-79.2282507437	-79.7980571241
-78.8525621281	-79.7980571241
-78.1093204575	-79.9898932302
-78.6658103878	-79.9898932302
-78.47971875	-79.6072104091
-78.1093204575	-79.7980571241
-79.2282507437	-80.1827794529
-78.8525621281	-79.6072104091
-78.8525621281	-80.571953782
-78.6658103878	-80.571953782
-79.6072104091	-79.7980571241
-78.8525621281	-79.6072104091
-79.2282507437	-79.4172940622
-78.8525621281	-79.0400247767
-78.47971875	-79.6072104091
-79.0400247767	-79.6072104091
-78.6658103878	-79.7980571241
-78.8525621281	-79.7980571241
-79.6072104091	-79.7980571241
-78.47971875	-80.37677824
-78.6658103878	-79.9898932302
-78.6658103878	-80.1827794529
-79.4172940622	-79.6072104091
-78.8525621281	-79.6072104091
-78.47971875	-79.6072104091
-78.8525621281	-79.7980571241
-78.8525621281	-79.4172940622
-78.47971875	-80.1827794529
-78.47971875	-80.1827794529
-79.0400247767	-79.7980571241
-79.9898932302	-79.9898932302
-79.2282507437	-80.1827794529
-79.6072104091	-79.7980571241
-79.2282507437	-80.7683720312
-79.0400247767	-79.7980571241
-79.6072104091	-80.7683720312
-79.2282507437	-79.6072104091
-79.2282507437	-79.2282507437
-78.6658103878	-79.6072104091
-78.6658103878	-78.8525621281
-78.2942379925	-78.8525621281
-78.6658103878	-79.6072104091
-78.8525621281	-80.37677824
-78.47971875	-79.9898932302
-78.47971875	-79.4172940622
-79.0400247767	-79.9898932302
-79.0400247767	-79.7980571241
-79.4172940622	-79.9898932302
-78.8525621281	-79.7980571241
-78.8525621281	-80.37677824
-78.47971875	-79.7980571241
-79.2282507437	-79.6072104091
-78.6658103878	-79.2282507437
-78.47971875	-80.1827794529
-78.6658103878	-79.6072104091
-78.8525621281	-78.8525621281
-78.6658103878	-79.2282507437
-78.8525621281	-79.7980571241
-78.2942379925	-78.6658103878
-78.47971875	-79.6072104091
-78.8525621281	-79.7980571241
-79.0400247767	-79.9898932302
-79.0400247767	-80.1827794529
-78.8525621281	-79.6072104091
-79.0400247767	-79.9898932302
-79.4172940622	-79.4172940622
-79.2282507437	-79.9898932302
-79.2282507437	-79.4172940622
-78.6658103878	-79.6072104091
-78.1093204575	-79.4172940622
-78.6658103878	-79.7980571241
-79.0400247767	-79.2282507437
-78.6658103878	-80.1827794529
-78.8525621281	-80.1827794529
-78.2942379925	-79.7980571241
-79.0400247767	-78.8525621281
-79.4172940622	-80.1827794529
-79.4172940622	-79.2282507437
-79.0400247767	-79.4172940622
-78.8525621281	-79.7980571241
-78.8525621281	-80.7683720312
-79.0400247767	-79.9898932302
-78.6658103878	-80.1827794529
-78.1093204575	-79.7980571241
-78.6658103878	-79.6072104091
-78.2942379925	-79.7980571241
-78.2942379925	-80.37677824
-79.4172940622	-79.7980571241
-78.47971875	-79.4172940622
-78.1093204575	-79.7980571241
-78.6658103878	-79.9898932302
-78.8525621281	-79.0400247767
-79.2282507437	-79.6072104091
-78.6658103878	-79.4172940622
-85.8086100291	-89.0798273683
-78.1093204575	-79.4172940622
-88.4914122347	-87.3695956832
-79.2282507437	-80.1827794529
-78.47971875	-80.1827794529
-78.6658103878	-79.7980571241
-78.6658103878	-79.6072104091
-78.6658103878	-79.9898932302
-78.6658103878	-79.7980571241
-78.2942379925	-79.7980571241
-79.0400247767	-79.4172940622
-78.47971875	-79.9898932302
-78.47971875	-79.2282507437
-78.47971875	-79.4172940622
-78.8525621281	-79.9898932302
-78.8525621281	-80.1827794529
-78.1093204575	-79.2282507437
-78.47971875	-79.7980571241
-78.2942379925	-79.6072104091
-78.1093204575	-79.2282507437
-77.7409921259	-79.7980571241
-78.6658103878	-79.2282507437
-77.9249200316	-79.2282507437
-78.8525621281	-79.2282507437
-77.9249200316	-79.0400247767
-78.2942379925	-79.7980571241
-78.1093204575	-79.7980571241
-78.1093204575	-79.2282507437
-78.47971875	-79.0400247767
-78.47971875	-79.0400247767
-78.6658103878	-79.6072104091
-78.2942379925	-79.4172940622
-78.47971875	-79.4172940622
-78.47971875	-79.6072104091
-78.8525621281	-78.8525621281
-78.8525621281	-80.37677824
-78.8525621281	-79.2282507437
-78.8525621281	-79.9898932302
-78.8525621281	-79.6072104091
-77.9249200316	-78.8525621281
-78.6658103878	-79.0400247767
-78.47971875	-79.9898932302
-78.8525621281	-80.37677824
-78.2942379925	-79.2282507437
-78.1093204575	-78.6658103878
-77.5574936566	-78.8525621281
-78.2942379925	-79.2282507437
-79.0400247767	-79.6072104091
-79.2282507437	-79.0400247767
-78.47971875	-79.6072104091
-78.6658103878	-79.9898932302
-79.0400247767	-79.7980571241
-78.47971875	-79.7980571241
-78.6658103878	-79.2282507437
-79.2282507437	-79.2282507437
-78.6658103878	-79.7980571241
-78.8525621281	-79.6072104091
-78.6658103878	-79.7980571241
-78.47971875	-79.2282507437
-78.2942379925	-79.4172940622
-78.6658103878	-79.2282507437
-77.7409921259	-79.2282507437
-78.1093204575	-79.6072104091
-78.47971875	-79.0400247767
-78.6658103878	-79.0400247767
-79.4172940622	-79.6072104091
-78.8525621281	-79.2282507437
-78.2942379925	-79.6072104091
-78.2942379925	-79.0400247767
-78.47971875	-79.2282507437
-78.2942379925	-79.4172940622
-78.1093204575	-79.7980571241
-78.1093204575	-78.6658103878
-78.6658103878	-79.6072104091
-78.47971875	-79.0400247767
-78.2942379925	-79.4172940622
-79.0400247767	-79.6072104091
-78.47971875	-79.2282507437
-78.2942379925	-78.6658103878
-78.8525621281	-79.4172940622
-77.9249200316	-79.6072104091
-78.8525621281	-79.6072104091
-77.5574936566	-79.2282507437
-78.2942379925	-79.4172940622
-78.2942379925	-78.8525621281
-77.5574936566	-78.8525621281
-78.2942379925	-79.2282507437
-78.1093204575	-79.2282507437
-78.1093204575	-78.8525621281
-77.9249200316	-79.2282507437
-78.47971875	-80.37677824
-78.47971875	-79.0400247767
-78.1093204575	-79.2282507437
-78.6658103878	-79.7980571241
-78.6658103878	-79.9898932302
-78.1093204575	-79.4172940622
-77.7409921259	-79.7980571241
-78.47971875	-78.6658103878
-78.2942379925	-79.7980571241
-78.2942379925	-79.6072104091
-78.1093204575	-79.7980571241
-78.2942379925	-79.7980571241
-78.6658103878	-79.6072104091
-78.8525621281	-79.4172940622
-77.9249200316	-79.9898932302
-78.2942379925	-78.6658103878
-78.8525621281	-79.2282507437
-78.2942379925	-79.7980571241
-78.2942379925	-79.6072104091
-78.6658103878	-79.6072104091
-78.8525621281	-79.4172940622
-78.6658103878	-78.8525621281
-78.1093204575	-78.8525621281
-78.47971875	-79.4172940622
-78.1093204575	-79.2282507437
-78.2942379925	-80.1827794529
-78.8525621281	-80.37677824
-78.8525621281	-80.571953782
-78.1093204575	-79.7980571241
-77.7409921259	-79.4172940622
-79.2282507437	-79.2282507437
-78.47971875	-79.2282507437
-78.6658103878	-79.9898932302
-79.0400247767	-79.7980571241
-78.8525621281	-79.6072104091
-78.2942379925	-79.6072104091
-79.0400247767	-79.6072104091
-79.0400247767	-79.4172940622
-78.6658103878	-79.4172940622
-78.8525621281	-79.7980571241
-79.6072104091	-79.4172940622
-78.1093204575	-79.7980571241
-78.6658103878	-80.1827794529
-78.1093204575	-78.8525621281
-78.2942379925	-79.6072104091
-77.3743830245	-78.47971875
-78.8525621281	-79.2282507437
-78.47971875	-79.2282507437
-78.47971875	-79.7980571241
-78.6658103878	-79.7980571241
-78.2942379925	-79.6072104091
-78.47971875	-79.9898932302
-78.1093204575	-79.2282507437
-79.0400247767	-79.2282507437
-78.1093204575	-78.6658103878
-78.1093204575	-79.6072104091
-77.9249200316	-79.0400247767
-78.8525621281	-79.4172940622
-77.7409921259	-79.6072104091
-78.8525621281	-79.2282507437
-78.47971875	-79.4172940622
-78.6658103878	-79.7980571241
-77.7409921259	-79.0400247767
-78.2942379925	-79.6072104091
-78.6658103878	-79.4172940622
-78.47971875	-79.4172940622
-78.8525621281	-80.1827794529
-78.6658103878	-78.8525621281
-78.6658103878	-79.0400247767
-78.8525621281	-78.8525621281
-79.2282507437	-78.8525621281
-78.2942379925	-78.8525621281
-78.6658103878	-78.6658103878
-79.0400247767	-78.8525621281
-78.2942379925	-79.0400247767
-78.8525621281	-78.8525621281
-78.6658103878	-79.0400247767
-77.7409921259	-79.6072104091
-78.2942379925	-78.6658103878
-78.8525621281	-79.9898932302
-78.1093204575	-79.7980571241
-77.9249200316	-78.6658103878
-78.2942379925	-78.6658103878
-78.47971875	-78.6658103878
-78.1093204575	-79.2282507437
-78.47971875	-79.9898932302
-78.47971875	-79.4172940622
-78.47971875	-79.4172940622
-77.5574936566	-78.8525621281
-79.0400247767	-79.4172940622
-78.2942379925	-79.4172940622
-78.1093204575	-78.8525621281
-78.6658103878	-79.2282507437
-78.2942379925	-79.7980571241
-78.6658103878	-79.2282507437
-78.6658103878	-79.2282507437
-78.47971875	-79.6072104091
-78.1093204575	-79.6072104091
-78.2942379925	-79.0400247767
-78.47971875	-79.6072104091
-78.8525621281	-79.6072104091
-78.1093204575	-79.4172940622
-78.6658103878	-79.7980571241
-78.6658103878	-79.0400247767
-78.47971875	-79.4172940622
-78.47971875	-79.7980571241
-78.6658103878	-80.571953782
-77.7409921259	-79.9898932302
-78.2942379925	-79.0400247767
-77.9249200316	-79.7980571241
-78.2942379925	-79.2282507437
-78.2942379925	-79.2282507437
-78.1093204575	-79.7980571241
-78.8525621281	-78.8525621281
-77.9249200316	-78.8525621281
-78.1093204575	-79.6072104091
-77.7409921259	-79.0400247767
-78.1093204575	-78.6658103878
-77.9249200316	-79.4172940622
-78.47971875	-78.6658103878
-77.9249200316	-79.4172940622
-77.9249200316	-78.2942379925

