-83.2488205275	-83.4682333984
-82.39296693	-84.8377052757
-83.6900084097	-83.4682333984
-83.6900084097	-82.8167124487
-83.0316770976	-83.4682333984
-83.2488205275	-83.6900084097
-82.39296693	-83.0316770976
-81.9768987206	-81.9768987206
-81.567853929	-81.9768987206
-82.8167124487	-83.0316770976
-83.0316770976	-83.4682333984
-82.8167124487	-82.6038379399
-82.8167124487	-82.8167124487
-83.4682333984	-83.2488205275
-83.4682333984	-83.4682333984
-82.6038379399	-83.4682333984
-83.0316770976	-82.1840147574
-83.0316770976	-83.4682333984
-83.0316770976	-83.2488205275
-82.8167124487	-82.8167124487
-83.0316770976	-83.4682333984
-82.8167124487	-83.4682333984
-83.6900084097	-83.6900084097
-83.0316770976	-83.2488205275
-82.39296693	-82.8167124487
-83.0316770976	-83.0316770976
-83.0316770976	-83.2488205275
-82.8167124487	-83.2488205275
-82.8167124487	-83.2488205275
-82.6038379399	-83.6900084097
-82.8167124487	-83.0316770976
-83.0316770976	-82.8167124487
-83.9142403194	-83.6900084097
-83.0316770976	-82.1840147574
-83.2488205275	-83.0316770976
-82.8167124487	-83.2488205275
-83.2488205275	-82.6038379399
-83.0316770976	-83.0316770976
-82.8167124487	-83.0316770976
-83.0316770976	-82.8167124487
-83.0316770976	-82.6038379399
-83.0316770976	-83.2488205275
-83.4682333984	-83.6900084097
-83.2488205275	-83.2488205275
-83.2488205275	-83.6900084097
-83.4682333984	-83.4682333984
-83.4682333984	-82.8167124487
-82.8167124487	-82.8167124487
-83.9142403194	-83.2488205275
-83.2488205275	-83.2488205275
-83.0316770976	-83.4682333984
-83.2488205275	-83.4682333984
-82.8167124487	-83.0316770976
-83.0316770976	-83.0316770976
-83.2488205275	-83.0316770976
-83.9142403194	-83.6900084097
-83.2488205275	-83.0316770976
-83.4682333984	-82.8167124487
-83.2488205275	-83.9142403194
-83.2488205275	-83.4682333984
-83.0316770976	-83.0316770976
-82.8167124487	-83.2488205275
-83.2488205275	-83.2488205275
-83.4682333984	-83.6900084097
-83.2488205275	-83.6900084097
-83.2488205275	-83.0316770976
-83.6900084097	-83.0316770976
-82.39296693	-82.8167124487
-82.8167124487	-83.9142403194
-83.0316770976	-83.4682333984
-83.0316770976	-83.2488205275
-82.8167124487	-82.6038379399
-83.2488205275	-82.8167124487
-83.6900084097	-83.9142403194
-83.0316770976	-82.8167124487
-83.2488205275	-84.1410259645
-83.2488205275	-82.8167124487
-82.8167124487	-83.0316770976
-83.2488205275	-83.0316770976
-83.2488205275	-83.0316770976
-82.8167124487	-84.1410259645
-83.2488205275	-83.2488205275
-82.8167124487	-82.8167124487
-83.2488205275	-83.0316770976
-83.6900084097	-83.9142403194
-83.0316770976	-83.2488205275
-82.8167124487	-83.2488205275
-83.2488205275	-83.4682333984
-82.8167124487	-83.0316770976
-82.6038379399	-83.4682333984
-83.2488205275	-82.6038379399
-83.2488205275	-83.0316770976
-82.8167124487	-83.9142403194
-82.8167124487	-83.6900084097
-82.6038379399	-83.9142403194
-83.4682333984	-83.0316770976
-82.6038379399	-83.0316770976
-82.1840147574	-83.2488205275
-82.6038379399	-82.8167124487
-82.8167124487	-82.39296693
-83.2488205275	-83.2488205275
-83.0316770976	-82.8167124487
-83.9142403194	-83.2488205275
-82.8167124487	-83.0316770976
-82.6038379399	-83.2488205275
-83.2488205275	-82.8167124487
-83.4682333984	-83.6900084097
-82.8167124487	-82.8167124487
-83.0316770976	-83.2488205275
-82.39296693	-83.6900084097
-83.0316770976	-83.2488205275
-83.0316770976	-82.6038379399
-83.4682333984	-82.8167124487
-83.6900084097	-83.9142403194
-85.8086100291	-85.31679751
-84.1410259645	-83.6900084097
-83.6900084097	-83.6900084097
-82.8167124487	-82.39296693
-83.4682333984	-83.6900084097
-83.2488205275	-83.4682333984
-83.6900084097	-83.0316770976
-82.39296693	-83.0316770976
-83.0316770976	-83.0316770976
-82.8167124487	-82.6038379399
-83.0316770976	-82.8167124487
-83.0316770976	-83.4682333984
-81.9768987206	-83.2488205275
-82.8167124487	-82.39296693
-82.8167124487	-83.2488205275
-83.6900084097	-82.6038379399
-82.8167124487	-82.8167124487
-83.2488205275	-83.6900084097
-82.39296693	-82.6038379399
-82.39296693	-82.8167124487
-82.39296693	-83.0316770976
-82.39296693	-82.8167124487
-83.0316770976	-83.4682333984
-83.0316770976	-83.0316770976
-83.0316770976	-82.6038379399
-82.6038379399	-83.0316770976
-83.0316770976	-83.0316770976
-82.6038379399	-83.6900084097
-83.0316770976	-82.39296693
-82.8167124487	-83.2488205275
-83.0316770976	-83.0316770976
-82.6038379399	-82.6038379399
-82.1840147574	-82.8167124487
-82.8167124487	-82.39296693
-83.2488205275	-83.0316770976
-82.39296693	-82.8167124487
-83.2488205275	-82.6038379399
-82.6038379399	-81.9768987206
-82.8167124487	-82.6038379399
-82.1840147574	-82.6038379399
-82.8167124487	-82.6038379399
-81.7715380581	-83.2488205275
-82.1840147574	-82.8167124487
-82.6038379399	-83.0316770976
-82.39296693	-82.6038379399
-82.1840147574	-82.1840147574
-82.6038379399	-82.8167124487
-82.1840147574	-82.6038379399
-82.8167124487	-82.1840147574
-82.8167124487	-82.6038379399
-81.567853929	-82.6038379399
-82.6038379399	-82.8167124487
-82.6038379399	-82.8167124487
-82.8167124487	-82.39296693
-83.4682333984	-83.0316770976
-82.1840147574	-82.6038379399
-83.0316770976	-82.1840147574
-82.8167124487	-83.2488205275
-82.1840147574	-82.8167124487
-82.6038379399	-82.1840147574
-82.1840147574	-82.1840147574
-83.4682333984	-83.0316770976
-82.8167124487	-82.6038379399
-82.6038379399	-82.8167124487
-82.6038379399	-82.6038379399
-83.0316770976	-82.39296693
-83.2488205275	-82.39296693
-82.8167124487	-82.39296693
-82.6038379399	-81.9768987206
-82.6038379399	-82.39296693
-82.6038379399	-82.39296693
-81.7715380581	-82.8167124487
-82.39296693	-82.8167124487
-82.39296693	-83.6900084097
-82.8167124487	-83.0316770976
-82.6038379399	-82.6038379399
-81.9768987206	-82.6038379399
-82.39296693	-82.8167124487
-83.0316770976	-83.4682333984
-82.1840147574	-82.6038379399
-82.39296693	-82.8167124487
-82.6038379399	-82.6038379399
-81.9768987206	-82.1840147574
-82.39296693	-82.6038379399
-82.39296693	-82.1840147574
-82.39296693	-83.2488205275
-82.39296693	-83.0316770976
-82.6038379399	-82.8167124487
-82.39296693	-83.0316770976
-82.8167124487	-83.0316770976
-82.8167124487	-82.6038379399
-82.39296693	-82.8167124487
-82.39296693	-82.6038379399
-82.6038379399	-83.0316770976
-82.6038379399	-82.39296693
-82.8167124487	-83.0316770976
-82.1840147574	-83.2488205275
-82.6038379399	-83.2488205275
-83.0316770976	-82.6038379399
-82.8167124487	-82.6038379399
-82.39296693	-82.1840147574
-82.39296693	-82.8167124487
-82.6038379399	-82.8167124487
-82.8167124487	-83.0316770976
-83.0316770976	-83.2488205275
-82.39296693	-82.39296693
-82.8167124487	-82.6038379399
-82.6038379399	-82.39296693
-82.39296693	-83.2488205275
-82.8167124487	-82.1840147574
-81.9768987206	-82.6038379399
-83.0316770976	-82.6038379399
-82.39296693	-82.39296693
-81.9768987206	-82.8167124487
-83.2488205275	-82.1840147574
-82.6038379399	-82.1840147574
-82.8167124487	-82.6038379399
-82.6038379399	-82.1840147574
-82.8167124487	-82.6038379399
-82.39296693	-82.6038379399
-82.8167124487	-82.39296693
-82.8167124487	-82.6038379399
-81.9768987206	-82.1840147574
-82.1840147574	-82.1840147574
-82.8167124487	-82.39296693
-82.39296693	-83.0316770976
-81.3657693928	-82.1840147574
-81.16520939	-82.39296693
-81.9768987206	-82.6038379399
-82.1840147574	-82.6038379399
-81.7715380581	-82.1840147574
-81.7715380581	-82.39296693
-82.39296693	-81.9768987206
-81.567853929	-82.39296693
-81.9768987206	-82.1840147574
-81.7715380581	-81.7715380581
-81.7715380581	-81.9768987206
-81.567853929	-82.8167124487
-82.6038379399	-82.39296693
-82.39296693	-82.39296693
-81.3657693928	-82.6038379399
-82.1840147574	-83.0316770976
-82.39296693	-82.8167124487
-83.2488205275	-82.6038379399
-82.39296693	-82.8167124487
-82.8167124487	-82.6038379399
-82.8167124487	-82.8167124487
-82.6038379399	-83.6900084097
-82.1840147574	-82.6038379399
-82.1840147574	-83.0316770976
-82.39296693	-82.8167124487
-82.6038379399	-83.2488205275
-82.39296693	-83.0316770976
-82.1840147574	-82.6038379399
-82.6038379399	-82.8167124487
-82.6038379399	-83.0316770976
-82.1840147574	-82.6038379399
-82.6038379399	-82.8167124487
-82.39296693	-83.6900084097
-82.6038379399	-82.39296693
-82.6038379399	-82.1840147574
-81.9768987206	-83.2488205275
-83.2488205275	-82.6038379399
-82.39296693	-82.8167124487
-81.9768987206	-83.0316770976
-82.6038379399	-82.39296693
-83.0316770976	-83.0316770976
-82.6038379399	-82.1840147574
-82.6038379399	-82.39296693
-82.1840147574	-82.39296693
-82.1840147574	-83.0316770976
-83.0316770976	-82.1840147574
-82.39296693	-82.8167124487
-82.39296693	-83.4682333984
-82.1840147574	-82.8167124487
-81.9768987206	-82.39296693
-82.8167124487	-82.8167124487
-82.39296693	-82.6038379399
-83.0316770976	-82.6038379399
-82.6038379399	-83.4682333984
-82.6038379399	-82.6038379399
-81.7715380581	-82.6038379399
-83.0316770976	-82.39296693
-82.8167124487	-82.1840147574
-82.8167124487	-82.6038379399
-83.0316770976	-83.0316770976
-81.9768987206	-82.6038379399
-82.8167124487	-82.6038379399
-82.39296693	-83.2488205275
-83.2488205275	-83.0316770976
-82.8167124487	-82.8167124487
-82.39296693	-83.2488205275
-82.8167124487	-82.6038379399
-82.6038379399	-82.6038379399
-83.0316770976	-83.0316770976
-82.39296693	-82.1840147574
-82.6038379399	-82.8167124487
-82.6038379399	-82.6038379399
-82.1840147574	-82.39296693
-81.9768987206	-82.8167124487
-83.0316770976	-82.8167124487
-82.8167124487	-82.6038379399
-82.8167124487	-82.6038379399
-82.39296693	-82.8167124487
-82.6038379399	-82.6038379399
-83.0316770976	-82.6038379399

