-84.60265632	-86.3140473542
-83.9142403194	-85.8086100291
-84.8377052757	-86.3140473542
-84.3704642801	-85.31679751
-83.4682333984	-85.0757164966
-84.1410259645	-87.09981751
-86.0595676552	-87.643512651
-83.6900084097	-86.8340501151
-83.9142403194	-85.31679751
-83.9142403194	-85.5610580402
-84.8377052757	-86.8340501151
-85.8086100291	-87.9216988049
-84.60265632	-84.3704642801
-83.4682333984	-85.8086100291
-83.0316770976	-83.4682333984
-84.60265632	-85.8086100291
-84.60265632	-85.5610580402
-83.6900084097	-85.8086100291
-84.3704642801	-85.31679751
-83.0316770976	-85.31679751
-84.3704642801	-86.572167838
-83.0316770976	-85.31679751
-84.1410259645	-86.0595676552
-83.9142403194	-86.3140473542
-82.8167124487	-85.0757164966
-83.0316770976	-86.3140473542
-83.9142403194	-86.3140473542
-85.0757164966	-85.5610580402
-83.9142403194	-85.31679751
-83.4682333984	-85.8086100291
-83.4682333984	-85.31679751
-83.9142403194	-87.3695956832
-83.6900084097	-86.0595676552
-83.0316770976	-86.3140473542
-83.6900084097	-85.5610580402
-83.2488205275	-86.0595676552
-83.6900084097	-86.3140473542
-84.1410259645	-86.572167838
-83.6900084097	-85.31679751
-83.2488205275	-86.3140473542
-83.9142403194	-86.3140473542
-84.8377052757	-85.31679751
-83.9142403194	-85.31679751
-84.60265632	-85.5610580402
-84.3704642801	-85.0757164966
-84.1410259645	-86.3140473542
-83.2488205275	-85.8086100291
-83.4682333984	-86.0595676552
-83.2488205275	-85.8086100291
-82.8167124487	-85.8086100291
-84.3704642801	-86.0595676552
-83.2488205275	-84.60265632
-84.8377052757	-85.0757164966
-83.6900084097	-85.8086100291
-83.4682333984	-84.8377052757
-84.8377052757	-85.31679751
-85.31679751	-86.3140473542
-83.4682333984	-86.0595676552
-84.8377052757	-85.5610580402
-84.1410259645	-85.8086100291
-84.1410259645	-84.8377052757
-83.2488205275	-85.8086100291
-84.3704642801	-85.0757164966
-84.3704642801	-85.5610580402
-83.6900084097	-85.31679751
-83.0316770976	-85.0757164966
-82.8167124487	-85.31679751
-84.8377052757	-86.0595676552
-83.0316770976	-85.8086100291
-83.6900084097	-85.5610580402
-83.4682333984	-85.5610580402
-83.4682333984	-85.0757164966
-83.6900084097	-84.8377052757
-83.9142403194	-85.5610580402
-82.8167124487	-85.0757164966
-82.39296693	-84.60265632
-83.2488205275	-84.60265632
-83.9142403194	-84.3704642801
-83.4682333984	-85.31679751
-83.4682333984	-84.8377052757
-83.9142403194	-84.60265632
-83.4682333984	-84.8377052757
-84.1410259645	-85.31679751
-83.9142403194	-85.8086100291
-83.0316770976	-84.60265632
-82.6038379399	-86.3140473542
-83.6900084097	-85.31679751
-83.2488205275	-85.8086100291
-82.8167124487	-85.31679751
-83.6900084097	-85.0757164966
-83.4682333984	-84.8377052757
-83.9142403194	-85.5610580402
-83.2488205275	-85.8086100291
-83.4682333984	-85.8086100291
-83.6900084097	-85.8086100291
-84.60265632	-85.8086100291
-83.2488205275	-85.31679751
-84.3704642801	-84.60265632
-83.9142403194	-85.5610580402
-82.8167124487	-85.0757164966
-83.2488205275	-84.8377052757
-83.4682333984	-85.0757164966
-83.0316770976	-84.8377052757
-83.9142403194	-84.60265632
-82.6038379399	-85.0757164966
-83.0316770976	-85.5610580402
-83.6900084097	-85.31679751
-82.6038379399	-84.8377052757
-83.2488205275	-85.8086100291
-83.9142403194	-85.5610580402
-83.4682333984	-84.8377052757
-82.8167124487	-86.0595676552
-83.0316770976	-85.0757164966
-82.8167124487	-86.572167838
-83.0316770976	-85.5610580402
-83.0316770976	-85.31679751
-84.3704642801	-85.8086100291
-83.6900084097	-86.0595676552
-83.9142403194	-85.31679751
-83.0316770976	-85.5610580402
-83.4682333984	-85.0757164966
-83.9142403194	-85.0757164966
-82.8167124487	-85.8086100291
-83.6900084097	-85.31679751
-83.6900084097	-85.5610580402
-83.4682333984	-85.5610580402
-84.1410259645	-85.8086100291
-85.0757164966	-85.8086100291
-83.4682333984	-85.5610580402
-83.2488205275	-85.31679751
-83.2488205275	-84.8377052757
-83.0316770976	-84.60265632
-83.9142403194	-84.60265632
-83.4682333984	-85.31679751
-83.4682333984	-85.0757164966
-82.8167124487	-85.31679751
-82.6038379399	-85.5610580402
-82.8167124487	-85.5610580402
-82.8167124487	-85.8086100291
-83.2488205275	-86.0595676552
-83.6900084097	-85.5610580402
-85.0757164966	-85.8086100291
-83.4682333984	-85.8086100291
-83.9142403194	-85.5610580402
-84.1410259645	-84.8377052757
-84.3704642801	-85.0757164966
-82.8167124487	-85.31679751
-83.9142403194	-85.5610580402
-83.9142403194	-85.5610580402
-84.3704642801	-86.0595676552
-83.9142403194	-86.0595676552
-83.2488205275	-85.5610580402
-84.1410259645	-85.0757164966
-84.3704642801	-85.31679751
-83.4682333984	-85.8086100291
-83.6900084097	-84.8377052757
-84.3704642801	-84.8377052757
-83.9142403194	-85.31679751
-83.4682333984	-85.0757164966
-83.9142403194	-85.31679751
-83.6900084097	-85.31679751
-83.6900084097	-85.8086100291
-83.2488205275	-84.8377052757
-83.2488205275	-84.8377052757
-83.2488205275	-85.5610580402
-83.2488205275	-85.5610580402
-83.4682333984	-84.60265632
-83.9142403194	-84.8377052757
-83.0316770976	-85.0757164966
-83.9142403194	-85.0757164966
-83.0316770976	-86.0595676552
-83.0316770976	-86.572167838
-84.1410259645	-85.31679751
-83.6900084097	-86.3140473542
-84.60265632	-85.5610580402
-83.9142403194	-85.8086100291
-82.8167124487	-84.8377052757
-83.9142403194	-85.0757164966
-83.9142403194	-85.31679751
-83.4682333984	-85.0757164966
-83.0316770976	-85.8086100291
-83.6900084097	-86.3140473542
-82.8167124487	-85.5610580402
-83.6900084097	-86.3140473542
-83.4682333984	-85.31679751
-83.9142403194	-85.5610580402
-82.8167124487	-84.8377052757
-83.4682333984	-85.31679751
-84.3704642801	-85.31679751
-83.6900084097	-85.8086100291
-83.4682333984	-84.60265632
-83.9142403194	-85.31679751
-84.8377052757	-85.31679751
-83.9142403194	-84.8377052757
-83.9142403194	-85.31679751
-83.4682333984	-85.8086100291
-84.1410259645	-85.5610580402
-83.2488205275	-85.5610580402
-83.9142403194	-84.8377052757
-83.2488205275	-85.31679751
-84.1410259645	-85.5610580402
-84.1410259645	-84.8377052757
-84.1410259645	-85.5610580402
-84.3704642801	-86.0595676552
-84.1410259645	-85.0757164966
-84.60265632	-85.0757164966
-82.6038379399	-84.8377052757
-83.2488205275	-85.5610580402
-83.2488205275	-85.0757164966
-83.6900084097	-84.60265632
-82.8167124487	-86.0595676552
-80.1827794529	-80.9661007219
-81.7715380581	-83.4682333984
-82.1840147574	-83.4682333984
-81.7715380581	-84.1410259645
-82.39296693	-83.4682333984
-82.8167124487	-85.0757164966
-82.8167124487	-86.0595676552
-83.4682333984	-85.5610580402
-83.6900084097	-84.3704642801
-83.0316770976	-85.5610580402
-83.2488205275	-85.0757164966
-83.2488205275	-84.3704642801
-83.2488205275	-85.31679751
-83.9142403194	-84.8377052757
-83.9142403194	-84.8377052757
-82.6038379399	-84.8377052757
-83.0316770976	-84.1410259645
-83.4682333984	-85.0757164966
-82.8167124487	-85.5610580402
-83.6900084097	-85.31679751
-83.2488205275	-85.8086100291
-83.6900084097	-85.0757164966
-83.4682333984	-85.0757164966
-83.4682333984	-84.1410259645
-83.9142403194	-85.31679751
-84.1410259645	-84.8377052757
-83.4682333984	-84.3704642801
-82.1840147574	-85.8086100291
-82.39296693	-85.0757164966
-83.4682333984	-85.31679751
-83.2488205275	-84.8377052757
-82.6038379399	-85.0757164966
-83.9142403194	-85.8086100291
-83.9142403194	-85.5610580402
-83.6900084097	-84.8377052757
-84.1410259645	-84.3704642801
-83.9142403194	-85.0757164966
-83.4682333984	-84.60265632
-83.4682333984	-84.8377052757
-82.6038379399	-84.60265632
-84.1410259645	-85.0757164966
-83.6900084097	-85.0757164966
-83.6900084097	-85.31679751
-82.1840147574	-83.6900084097
-83.2488205275	-86.572167838
-83.2488205275	-85.0757164966
-81.567853929	-84.8377052757
-83.9142403194	-84.3704642801
-83.2488205275	-85.0757164966
-83.9142403194	-84.60265632
-83.2488205275	-84.8377052757
-82.8167124487	-85.31679751
-83.0316770976	-85.31679751
-82.8167124487	-84.60265632
-82.6038379399	-84.3704642801
-83.9142403194	-85.5610580402
-83.4682333984	-85.31679751
-83.6900084097	-85.8086100291
-83.2488205275	-84.8377052757
-83.6900084097	-85.0757164966
-83.0316770976	-84.3704642801
-83.2488205275	-84.8377052757
-83.4682333984	-85.31679751
-83.6900084097	-84.8377052757
-82.1840147574	-84.60265632
-82.8167124487	-85.0757164966
-84.1410259645	-85.0757164966
-83.4682333984	-85.0757164966
-82.8167124487	-85.31679751
-83.2488205275	-85.0757164966
-83.0316770976	-85.5610580402
-83.9142403194	-85.8086100291
-83.0316770976	-85.0757164966
-83.4682333984	-84.8377052757
-83.2488205275	-84.60265632
-83.4682333984	-85.0757164966
-82.8167124487	-85.31679751
-84.8377052757	-84.60265632
-83.0316770976	-85.0757164966
-83.2488205275	-85.0757164966
-83.2488205275	-85.5610580402
-83.6900084097	-85.5610580402
-83.6900084097	-85.8086100291
-83.4682333984	-84.8377052757
-83.0316770976	-85.0757164966
-83.0316770976	-85.0757164966
-81.7715380581	-85.0757164966
-83.9142403194	-85.0757164966
-82.6038379399	-85.5610580402
-83.2488205275	-84.8377052757
-83.9142403194	-85.0757164966
-84.60265632	-85.5610580402
-83.4682333984	-85.0757164966
-83.4682333984	-84.3704642801
-83.6900084097	-85.5610580402
-82.6038379399	-85.0757164966
-83.0316770976	-84.3704642801
-83.4682333984	-85.31679751
-83.0316770976	-85.8086100291
-83.4682333984	-84.60265632
-82.8167124487	-84.60265632
-83.0316770976	-85.0757164966
-83.0316770976	-85.5610580402
-83.9142403194	-84.3704642801
-83.2488205275	-84.8377052757
-83.9142403194	-85.0757164966
-82.6038379399	-85.0757164966
-83.4682333984	-84.1410259645
-82.6038379399	-85.8086100291
-82.39296693	-84.60265632
-83.0316770976	-84.3704642801
-83.6900084097	-84.8377052757
-83.0316770976	-84.3704642801
-83.4682333984	-85.0757164966
-82.39296693	-85.31679751
-83.0316770976	-84.60265632
-83.2488205275	-84.8377052757
-84.60265632	-85.31679751
-82.8167124487	-84.8377052757
-83.6900084097	-84.8377052757
-83.6900084097	-84.60265632
-83.0316770976	-84.8377052757
-83.4682333984	-84.8377052757
-82.6038379399	-84.8377052757
-83.0316770976	-84.1410259645
-82.8167124487	-84.1410259645
-83.0316770976	-84.3704642801
-82.1840147574	-85.8086100291
-82.8167124487	-85.0757164966
-83.2488205275	-84.1410259645
-82.39296693	-85.31679751
-83.4682333984	-86.0595676552
-83.4682333984	-83.6900084097
-84.3704642801	-85.8086100291
-83.2488205275	-85.0757164966
-82.8167124487	-85.31679751
-83.6900084097	-85.31679751
-84.1410259645	-85.8086100291
-83.0316770976	-84.8377052757
-83.4682333984	-84.8377052757
-84.1410259645	-85.31679751
-83.0316770976	-84.1410259645
-83.6900084097	-85.8086100291
-84.1410259645	-84.8377052757
-82.1840147574	-85.0757164966
-82.6038379399	-85.8086100291
-82.1840147574	-84.8377052757
-84.3704642801	-84.3704642801
-82.8167124487	-84.60265632
-83.2488205275	-84.8377052757
-83.2488205275	-84.3704642801
-83.6900084097	-84.60265632
-84.60265632	-85.31679751
-84.3704642801	-85.5610580402
-83.2488205275	-84.60265632
-83.9142403194	-84.8377052757
-83.9142403194	-85.5610580402
-83.2488205275	-84.60265632
-83.4682333984	-85.0757164966
-83.2488205275	-84.3704642801
-82.8167124487	-85.0757164966
-83.4682333984	-85.0757164966
-82.8167124487	-85.5610580402
-83.0316770976	-85.0757164966
-82.6038379399	-83.6900084097
-82.39296693	-85.0757164966
-83.2488205275	-84.60265632
-83.6900084097	-84.60265632
-83.0316770976	-84.60265632
-83.4682333984	-84.60265632
-83.0316770976	-84.3704642801
-82.6038379399	-85.0757164966
-83.2488205275	-84.1410259645
-83.0316770976	-84.3704642801
-82.6038379399	-84.60265632
-83.9142403194	-84.60265632
-82.39296693	-84.3704642801
-84.1410259645	-84.60265632
-82.8167124487	-84.3704642801
-83.6900084097	-84.60265632
-82.6038379399	-84.3704642801
-83.6900084097	-85.0757164966
-83.0316770976	-84.60265632
-83.0316770976	-84.8377052757
-85.0757164966	-84.8377052757
-82.8167124487	-85.8086100291
-83.0316770976	-84.8377052757
-83.2488205275	-85.31679751
-82.8167124487	-84.8377052757
-84.3704642801	-85.31679751
-83.0316770976	-84.8377052757
-82.8167124487	-84.3704642801
-83.0316770976	-84.60265632
-82.39296693	-84.8377052757
-82.39296693	-84.60265632
-83.0316770976	-84.60265632
-82.6038379399	-84.8377052757
-82.8167124487	-84.60265632
-82.39296693	-85.0757164966
-82.6038379399	-84.8377052757
-83.2488205275	-85.0757164966
-84.1410259645	-84.3704642801
-82.1840147574	-84.8377052757
-82.6038379399	-83.9142403194
-83.0316770976	-84.3704642801
-83.4682333984	-84.1410259645
-82.8167124487	-84.3704642801
-82.6038379399	-85.0757164966
-83.0316770976	-84.3704642801
-82.39296693	-84.60265632
-83.0316770976	-85.31679751
-82.8167124487	-84.60265632
-82.39296693	-85.5610580402
-83.0316770976	-85.0757164966
-83.4682333984	-84.8377052757
-83.0316770976	-85.5610580402
-84.1410259645	-84.8377052757
-84.1410259645	-85.31679751
-83.4682333984	-84.3704642801
-83.4682333984	-85.31679751
-82.39296693	-84.60265632
-82.39296693	-85.0757164966
-83.4682333984	-86.0595676552
-82.6038379399	-84.3704642801
-82.6038379399	-84.60265632
-82.8167124487	-84.8377052757
-83.4682333984	-85.0757164966
-83.2488205275	-84.60265632
-83.0316770976	-84.8377052757
-81.9768987206	-85.5610580402
-83.4682333984	-85.0757164966
-83.0316770976	-84.3704642801
-84.1410259645	-84.60265632
-82.6038379399	-84.8377052757
-83.4682333984	-85.31679751
-82.8167124487	-84.3704642801
-81.9768987206	-84.60265632
-82.8167124487	-84.1410259645
-82.8167124487	-85.0757164966
-83.0316770976	-85.0757164966
-83.2488205275	-83.9142403194
-81.7715380581	-84.1410259645
-82.8167124487	-84.8377052757
-82.39296693	-84.8377052757
-83.6900084097	-84.8377052757
-83.0316770976	-85.0757164966
-83.4682333984	-85.0757164966
-82.8167124487	-85.31679751
-82.6038379399	-84.1410259645
-83.2488205275	-84.8377052757
-82.1840147574	-84.1410259645
-83.6900084097	-84.3704642801
-82.8167124487	-84.8377052757
-82.8167124487	-84.8377052757
-82.8167124487	-84.1410259645
-83.2488205275	-84.60265632
-82.8167124487	-85.31679751
-82.8167124487	-84.60265632
-82.8167124487	-85.5610580402
-83.6900084097	-84.60265632
-83.2488205275	-85.31679751
-83.4682333984	-85.0757164966
-82.6038379399	-85.31679751
-82.8167124487	-85.0757164966
-83.2488205275	-85.5610580402
-83.2488205275	-83.9142403194
-82.1840147574	-84.8377052757
-82.8167124487	-83.9142403194
-83.0316770976	-84.60265632
-82.8167124487	-84.60265632
-81.7715380581	-84.60265632
-82.6038379399	-84.3704642801
-82.8167124487	-84.60265632
-83.4682333984	-84.8377052757
-82.1840147574	-84.1410259645
-82.39296693	-85.5610580402
-83.0316770976	-84.8377052757
-83.2488205275	-84.3704642801
-83.6900084097	-84.8377052757
-83.6900084097	-85.31679751
-82.8167124487	-84.60265632
-82.8167124487	-84.8377052757
-83.9142403194	-84.8377052757
-84.1410259645	-84.8377052757
-83.2488205275	-85.31679751
-83.0316770976	-83.9142403194
-83.0316770976	-84.8377052757
-82.39296693	-84.8377052757
-83.4682333984	-84.1410259645
-84.1410259645	-84.60265632
-83.2488205275	-84.8377052757
-82.6038379399	-84.8377052757
-82.39296693	-84.1410259645
-83.4682333984	-85.5610580402
-83.4682333984	-84.1410259645
-83.6900084097	-84.60265632
-82.8167124487	-84.8377052757
-82.39296693	-85.0757164966
-83.2488205275	-84.3704642801
-83.9142403194	-84.1410259645
-83.0316770976	-84.8377052757
-83.0316770976	-85.31679751
-83.0316770976	-84.8377052757
-81.9768987206	-84.3704642801
-82.6038379399	-84.60265632
-83.4682333984	-84.3704642801
-83.2488205275	-84.60265632
-82.1840147574	-85.5610580402
-83.2488205275	-84.3704642801
-82.39296693	-85.0757164966
-82.6038379399	-84.8377052757
-82.1840147574	-85.5610580402
-82.8167124487	-83.9142403194
-82.6038379399	-84.8377052757
-83.4682333984	-85.0757164966
-82.8167124487	-85.0757164966
-83.2488205275	-85.31679751
-82.6038379399	-84.3704642801
-83.2488205275	-84.3704642801
-83.6900084097	-85.0757164966
-83.0316770976	-84.8377052757
-83.0316770976	-84.8377052757
-82.8167124487	-84.8377052757
-82.39296693	-84.3704642801
-83.4682333984	-84.8377052757
-83.0316770976	-84.60265632
-83.0316770976	-85.31679751
-83.4682333984	-85.0757164966
-83.4682333984	-84.60265632
-82.39296693	-85.31679751
-82.8167124487	-84.8377052757
-81.7715380581	-85.5610580402
-83.6900084097	-85.0757164966
-82.8167124487	-84.1410259645
-83.4682333984	-84.60265632
-82.8167124487	-84.60265632
-82.8167124487	-84.8377052757
-83.2488205275	-85.31679751
-83.6900084097	-84.60265632
-84.3704642801	-85.5610580402
-83.2488205275	-84.3704642801
-82.39296693	-85.0757164966
-83.2488205275	-85.31679751
-82.39296693	-83.6900084097
-82.6038379399	-85.0757164966
-82.8167124487	-84.60265632
-83.4682333984	-85.31679751
-83.4682333984	-84.3704642801
-82.8167124487	-85.0757164966
-83.0316770976	-84.3704642801
-82.6038379399	-84.8377052757
-82.8167124487	-84.1410259645
-82.8167124487	-84.8377052757
-83.6900084097	-84.3704642801
-83.0316770976	-84.60265632
-82.8167124487	-83.9142403194
-82.39296693	-84.60265632
-84.3704642801	-85.0757164966
-83.2488205275	-85.31679751
-83.0316770976	-85.0757164966
-83.4682333984	-84.8377052757
-82.39296693	-84.3704642801
-83.6900084097	-84.8377052757
-83.2488205275	-84.60265632
-83.4682333984	-85.5610580402
-83.0316770976	-84.60265632
-82.39296693	-85.31679751
-82.8167124487	-84.8377052757
-83.2488205275	-85.0757164966
-83.4682333984	-83.9142403194
-82.1840147574	-85.0757164966
-83.2488205275	-84.8377052757
-83.4682333984	-84.60265632
-82.8167124487	-84.3704642801
-83.2488205275	-84.60265632
-82.6038379399	-83.9142403194
-83.4682333984	-84.8377052757
-83.2488205275	-84.60265632
-82.6038379399	-84.60265632
-81.7715380581	-84.3704642801
-83.4682333984	-84.8377052757
-82.8167124487	-84.60265632
-81.567853929	-84.60265632
-82.6038379399	-84.60265632
-83.4682333984	-85.0757164966
-83.6900084097	-85.0757164966
-82.8167124487	-85.5610580402
-83.0316770976	-85.31679751
-83.2488205275	-84.60265632
-83.6900084097	-85.0757164966
-82.1840147574	-84.8377052757
-81.7715380581	-85.5610580402
-82.1840147574	-84.8377052757
-83.4682333984	-84.8377052757
-81.9768987206	-84.8377052757
-83.2488205275	-84.8377052757
-83.4682333984	-84.60265632
-84.3704642801	-83.9142403194
-82.39296693	-83.9142403194
-83.4682333984	-84.3704642801
-82.39296693	-84.60265632
-82.8167124487	-85.31679751
-83.0316770976	-84.3704642801
-81.9768987206	-84.1410259645
-83.9142403194	-84.3704642801
-82.6038379399	-84.3704642801
-83.0316770976	-84.1410259645
-82.6038379399	-85.0757164966
-82.1840147574	-84.8377052757
-83.4682333984	-85.0757164966
-82.8167124487	-84.8377052757
-82.8167124487	-84.1410259645
-83.0316770976	-84.8377052757
-83.0316770976	-84.8377052757
-82.1840147574	-85.31679751
-82.8167124487	-84.60265632
-83.6900084097	-84.60265632
-83.4682333984	-85.0757164966
-82.8167124487	-85.0757164966
-82.8167124487	-84.60265632
-83.6900084097	-84.60265632
-82.6038379399	-84.60265632
-82.1840147574	-84.60265632
-83.2488205275	-84.1410259645
-83.6900084097	-84.60265632
-81.9768987206	-84.8377052757
-82.39296693	-85.0757164966
-83.2488205275	-84.60265632
-82.6038379399	-84.1410259645
-83.2488205275	-84.1410259645
-83.2488205275	-85.0757164966
-81.567853929	-84.8377052757
-82.6038379399	-84.60265632
-82.6038379399	-84.3704642801
-83.0316770976	-84.1410259645
-82.6038379399	-84.8377052757
-82.8167124487	-84.60265632
-83.4682333984	-84.60265632
-81.7715380581	-84.60265632
-83.2488205275	-84.1410259645
-83.0316770976	-85.31679751
-82.6038379399	-84.8377052757
-83.2488205275	-84.8377052757
-82.1840147574	-84.8377052757
-83.0316770976	-84.3704642801
-83.6900084097	-84.60265632
-82.1840147574	-84.8377052757
-82.6038379399	-84.3704642801
-84.1410259645	-84.60265632
-82.6038379399	-84.8377052757
-82.8167124487	-84.60265632
-83.0316770976	-84.3704642801
-83.2488205275	-84.60265632
-83.4682333984	-84.8377052757
-82.1840147574	-84.3704642801
-84.1410259645	-84.8377052757
-83.4682333984	-85.31679751
-82.6038379399	-84.60265632
-82.1840147574	-84.3704642801
-82.39296693	-85.31679751
-83.2488205275	-84.1410259645
-82.39296693	-84.60265632
-83.2488205275	-84.60265632
-83.6900084097	-84.60265632
-82.39296693	-84.60265632
-82.39296693	-84.3704642801
-82.1840147574	-84.8377052757
-83.4682333984	-85.0757164966
-83.2488205275	-84.1410259645
-82.6038379399	-84.8377052757
-82.6038379399	-84.60265632
-82.39296693	-84.60265632
-82.39296693	-85.0757164966
-83.4682333984	-84.1410259645
-82.6038379399	-84.8377052757
-83.0316770976	-84.1410259645
-83.4682333984	-84.1410259645
-83.0316770976	-84.3704642801
-82.1840147574	-84.60265632
-83.0316770976	-84.60265632
-82.1840147574	-84.3704642801
-81.9768987206	-83.6900084097
-83.4682333984	-85.5610580402
-83.4682333984	-84.3704642801
-82.39296693	-84.1410259645
-82.6038379399	-84.60265632
-82.8167124487	-84.1410259645
-82.6038379399	-85.0757164966
-83.0316770976	-84.3704642801
-83.0316770976	-84.3704642801
-83.4682333984	-84.3704642801
-83.2488205275	-84.3704642801
-83.2488205275	-84.1410259645
-83.0316770976	-83.9142403194
-83.2488205275	-84.60265632
-83.2488205275	-83.9142403194
-83.2488205275	-83.9142403194
-83.0316770976	-84.8377052757
-83.9142403194	-84.1410259645
-82.1840147574	-84.1410259645
-83.2488205275	-84.60265632
-83.6900084097	-83.9142403194
-82.6038379399	-85.31679751
-83.0316770976	-84.3704642801
-82.6038379399	-83.6900084097
-81.7715380581	-84.60265632
-82.6038379399	-84.60265632
-83.2488205275	-84.1410259645
-83.4682333984	-85.0757164966
-82.39296693	-85.0757164966
-82.1840147574	-84.1410259645
-83.0316770976	-84.8377052757
-82.6038379399	-84.3704642801
-82.8167124487	-84.1410259645
-83.2488205275	-84.60265632
-82.6038379399	-84.3704642801
-82.1840147574	-85.0757164966
-82.6038379399	-84.60265632
-83.0316770976	-85.0757164966
-82.1840147574	-84.1410259645
-82.39296693	-84.3704642801
-81.7715380581	-83.9142403194
-83.2488205275	-84.60265632
-82.8167124487	-84.60265632
-83.2488205275	-84.1410259645
-82.39296693	-84.1410259645
-82.6038379399	-84.8377052757
-82.8167124487	-84.3704642801
-82.6038379399	-84.8377052757
-83.6900084097	-84.3704642801
-83.0316770976	-85.0757164966
-83.2488205275	-84.60265632
-83.0316770976	-84.8377052757
-83.6900084097	-84.1410259645
-82.39296693	-84.3704642801
-83.9142403194	-85.0757164966
-83.4682333984	-84.60265632
-83.6900084097	-84.60265632
-83.2488205275	-84.60265632
-82.6038379399	-84.3704642801
-82.39296693	-84.60265632
-81.7715380581	-85.31679751
-82.39296693	-85.31679751
-82.8167124487	-84.1410259645
-82.39296693	-84.60265632
-82.8167124487	-83.6900084097
-82.39296693	-84.3704642801
-83.0316770976	-84.60265632
-83.4682333984	-84.8377052757
-82.6038379399	-83.9142403194
-83.9142403194	-84.8377052757
-82.39296693	-83.6900084097
-82.1840147574	-84.1410259645
-82.39296693	-84.60265632
-84.1410259645	-84.60265632
-82.8167124487	-84.60265632
-81.9768987206	-84.60265632
-82.8167124487	-85.31679751
-82.8167124487	-84.1410259645
-82.39296693	-84.1410259645
-84.3704642801	-84.3704642801
-82.1840147574	-85.0757164966
-82.8167124487	-84.3704642801
-83.6900084097	-84.8377052757
-83.2488205275	-84.3704642801
-82.8167124487	-84.8377052757
-81.9768987206	-84.3704642801
-83.2488205275	-84.60265632
-83.0316770976	-85.31679751
-82.39296693	-84.8377052757
-82.39296693	-85.0757164966
-82.39296693	-84.60265632
-83.0316770976	-84.60265632
-82.6038379399	-84.8377052757
-83.2488205275	-84.1410259645
-82.6038379399	-85.0757164966
-83.2488205275	-85.31679751
-82.8167124487	-84.8377052757
-82.8167124487	-84.8377052757
-82.6038379399	-84.60265632
-83.0316770976	-84.3704642801
-81.9768987206	-84.3704642801
-81.9768987206	-84.1410259645
-82.8167124487	-84.60265632
-82.6038379399	-84.1410259645
-83.6900084097	-84.1410259645
-83.2488205275	-83.6900084097
-82.8167124487	-85.5610580402
-83.2488205275	-84.1410259645
-83.0316770976	-84.1410259645
-82.39296693	-84.3704642801
-82.8167124487	-84.60265632
-83.4682333984	-84.8377052757
-83.0316770976	-84.8377052757
-82.1840147574	-85.31679751
-82.6038379399	-83.9142403194
-82.6038379399	-84.3704642801
-82.1840147574	-84.3704642801
-82.6038379399	-83.9142403194
-83.0316770976	-84.1410259645
-82.8167124487	-84.3704642801
-83.2488205275	-84.3704642801
-81.9768987206	-84.3704642801
-82.39296693	-84.3704642801
-82.1840147574	-84.3704642801
-82.39296693	-84.60265632
-82.1840147574	-84.1410259645
-82.8167124487	-84.1410259645
-81.9768987206	-83.9142403194
-83.0316770976	-84.3704642801
-82.8167124487	-83.9142403194
-82.6038379399	-83.9142403194
-83.6900084097	-84.60265632
-81.7715380581	-84.8377052757
-82.8167124487	-84.60265632
-82.1840147574	-84.1410259645
-83.0316770976	-84.60265632
-83.0316770976	-84.60265632
-82.6038379399	-83.9142403194
-82.8167124487	-84.60265632
-83.2488205275	-84.3704642801
-82.8167124487	-85.0757164966
-82.6038379399	-83.6900084097
-83.2488205275	-85.31679751
-82.6038379399	-85.0757164966
-83.4682333984	-84.60265632
-82.6038379399	-84.60265632
-82.8167124487	-83.6900084097
-82.6038379399	-84.8377052757
-81.3657693928	-84.3704642801
-82.6038379399	-84.1410259645
-82.6038379399	-84.3704642801
-83.0316770976	-84.3704642801
-82.8167124487	-84.1410259645
-82.8167124487	-84.3704642801
-83.9142403194	-84.60265632
-83.2488205275	-83.9142403194
-82.39296693	-83.9142403194
-82.8167124487	-84.60265632
-83.2488205275	-84.1410259645
-82.39296693	-84.1410259645
-82.39296693	-84.3704642801
-83.2488205275	-85.31679751
-82.1840147574	-85.0757164966
-82.8167124487	-83.9142403194
-81.567853929	-84.3704642801
-82.1840147574	-84.1410259645
-83.2488205275	-84.3704642801
-82.6038379399	-83.4682333984
-82.8167124487	-84.3704642801
-82.39296693	-84.60265632
-82.39296693	-84.60265632
-83.2488205275	-83.4682333984
-82.39296693	-83.9142403194
-83.9142403194	-84.8377052757
-81.7715380581	-84.1410259645
-81.9768987206	-84.3704642801
-82.39296693	-83.6900084097
-82.8167124487	-84.3704642801
-83.0316770976	-84.3704642801
-82.8167124487	-84.8377052757
-83.4682333984	-84.1410259645
-83.0316770976	-84.1410259645
-83.2488205275	-84.60265632
-81.9768987206	-84.60265632
-82.1840147574	-84.3704642801
-82.8167124487	-83.6900084097
-82.8167124487	-84.8377052757
-82.39296693	-84.1410259645
-82.8167124487	-85.0757164966
-82.6038379399	-85.31679751
-82.6038379399	-84.60265632
-83.0316770976	-83.6900084097
-83.2488205275	-84.3704642801
-82.8167124487	-83.9142403194
-82.6038379399	-84.60265632
-82.39296693	-84.3704642801
-82.8167124487	-85.0757164966
-82.6038379399	-84.8377052757
-82.8167124487	-84.60265632
-82.6038379399	-83.4682333984
-81.9768987206	-84.3704642801
-81.567853929	-83.6900084097
-83.0316770976	-84.1410259645
-83.0316770976	-84.1410259645
-82.1840147574	-84.1410259645
-82.8167124487	-84.3704642801
-81.7715380581	-84.1410259645
-81.9768987206	-84.3704642801
-83.0316770976	-83.9142403194
-82.8167124487	-84.60265632
-82.6038379399	-84.60265632
-83.4682333984	-84.3704642801
-82.6038379399	-84.8377052757
-83.4682333984	-84.60265632
-82.39296693	-84.60265632
-81.9768987206	-84.1410259645
-83.0316770976	-84.3704642801
-80.571953782	-84.1410259645
-82.6038379399	-84.60265632
-83.2488205275	-85.31679751
-83.4682333984	-84.3704642801
-83.0316770976	-83.9142403194
-83.0316770976	-84.60265632
-83.0316770976	-84.3704642801
-82.1840147574	-84.1410259645
-82.39296693	-84.1410259645
-81.3657693928	-84.3704642801
-82.39296693	-83.6900084097
-81.9768987206	-84.3704642801
-82.6038379399	-83.9142403194
-82.6038379399	-84.60265632
-81.9768987206	-84.3704642801
-82.8167124487	-84.60265632
-82.39296693	-84.60265632
-82.1840147574	-84.60265632
-82.1840147574	-83.9142403194
-82.39296693	-84.8377052757
-83.0316770976	-84.60265632
-81.7715380581	-84.3704642801
-82.8167124487	-84.1410259645
-82.39296693	-83.6900084097
-82.39296693	-84.8377052757
-82.6038379399	-85.31679751
-82.6038379399	-83.9142403194
-83.2488205275	-84.3704642801
-82.8167124487	-84.8377052757
-82.39296693	-84.3704642801
-82.39296693	-84.60265632
-82.8167124487	-84.3704642801
-82.8167124487	-83.6900084097
-82.39296693	-84.8377052757
-83.4682333984	-84.1410259645
-81.9768987206	-84.1410259645
-82.1840147574	-83.9142403194
-82.1840147574	-84.60265632
-81.7715380581	-84.8377052757
-82.1840147574	-83.9142403194
-83.9142403194	-84.3704642801
-82.1840147574	-84.1410259645
-81.9768987206	-83.9142403194
-81.9768987206	-84.60265632
-82.39296693	-84.60265632
-83.0316770976	-83.2488205275
-83.4682333984	-83.9142403194
-83.0316770976	-83.9142403194
-82.39296693	-84.3704642801
-82.8167124487	-84.60265632
-81.9768987206	-84.3704642801
-82.1840147574	-84.60265632
-82.8167124487	-84.8377052757
-81.7715380581	-83.6900084097
-82.39296693	-83.6900084097
-82.8167124487	-84.3704642801
-82.1840147574	-84.1410259645
-82.8167124487	-84.3704642801
-82.1840147574	-83.9142403194
-82.8167124487	-83.9142403194
-82.8167124487	-84.3704642801
-82.1840147574	-83.6900084097
-83.2488205275	-84.8377052757
-81.7715380581	-84.1410259645
-82.1840147574	-83.9142403194
-82.39296693	-84.1410259645
-82.6038379399	-84.1410259645
-82.39296693	-84.60265632
-82.6038379399	-84.1410259645
-82.1840147574	-84.1410259645
-83.2488205275	-84.1410259645
-82.6038379399	-84.3704642801
-81.9768987206	-84.1410259645
-83.2488205275	-84.1410259645
-81.567853929	-84.1410259645
-82.8167124487	-84.3704642801
-82.39296693	-84.1410259645
-82.39296693	-84.3704642801
-82.39296693	-84.60265632
-81.9768987206	-84.8377052757
-84.1410259645	-84.1410259645
-83.4682333984	-83.6900084097
-81.7715380581	-84.3704642801
-82.1840147574	-84.1410259645
-81.9768987206	-84.8377052757
-83.6900084097	-84.3704642801
-83.4682333984	-84.60265632
-83.4682333984	-84.60265632
-80.9661007219	-84.3704642801
-82.6038379399	-83.9142403194
-83.0316770976	-84.1410259645
-82.39296693	-84.3704642801
-82.8167124487	-83.9142403194
-81.9768987206	-83.9142403194
-83.0316770976	-84.8377052757
-82.39296693	-84.60265632
-83.2488205275	-84.3704642801
-82.8167124487	-83.9142403194
-82.39296693	-85.31679751
-83.6900084097	-83.9142403194
-82.6038379399	-83.4682333984
-82.6038379399	-84.1410259645
-82.8167124487	-84.3704642801
-82.39296693	-83.6900084097
-82.6038379399	-84.60265632
-83.2488205275	-84.1410259645
-83.0316770976	-84.1410259645
-83.2488205275	-84.1410259645
-83.4682333984	-84.8377052757
-83.0316770976	-84.1410259645
-83.0316770976	-84.8377052757
-82.8167124487	-84.8377052757
-82.1840147574	-84.1410259645
-81.567853929	-84.1410259645
-83.2488205275	-84.1410259645
-81.567853929	-84.1410259645
-82.8167124487	-84.3704642801
-83.6900084097	-84.8377052757
-82.8167124487	-83.9142403194
-81.9768987206	-84.3704642801
-81.9768987206	-83.6900084097
-82.6038379399	-84.1410259645
-81.7715380581	-84.1410259645
-83.2488205275	-83.9142403194
-82.8167124487	-84.1410259645
-81.7715380581	-83.9142403194
-81.9768987206	-83.9142403194
-83.0316770976	-84.3704642801
-83.9142403194	-84.3704642801
-82.1840147574	-84.1410259645
-81.7715380581	-84.1410259645
-81.9768987206	-83.9142403194
-82.39296693	-83.9142403194
-83.4682333984	-84.1410259645
-82.8167124487	-84.1410259645
-82.1840147574	-83.6900084097
-82.39296693	-84.1410259645
-82.6038379399	-83.9142403194
-82.6038379399	-84.1410259645
-82.1840147574	-84.60265632
-82.39296693	-84.3704642801
-82.39296693	-83.9142403194
-82.8167124487	-84.1410259645
-83.2488205275	-84.3704642801
-81.7715380581	-84.3704642801
-83.0316770976	-83.2488205275
-83.4682333984	-83.9142403194
-83.0316770976	-84.3704642801
-82.8167124487	-84.3704642801
-82.39296693	-83.9142403194
-83.2488205275	-83.4682333984
-83.2488205275	-84.3704642801
-83.4682333984	-83.6900084097
-82.39296693	-83.6900084097
-81.9768987206	-84.8377052757
-82.8167124487	-84.60265632
-83.0316770976	-84.60265632
-83.0316770976	-84.3704642801
-82.8167124487	-83.4682333984
-82.39296693	-84.1410259645
-83.2488205275	-84.3704642801
-81.9768987206	-83.0316770976
-81.9768987206	-84.3704642801
-83.6900084097	-84.3704642801
-82.1840147574	-84.1410259645
-82.8167124487	-83.9142403194
-82.1840147574	-84.8377052757
-83.2488205275	-84.3704642801
-83.0316770976	-84.3704642801
-81.9768987206	-83.9142403194
-82.6038379399	-83.9142403194
-82.6038379399	-84.8377052757
-83.0316770976	-83.9142403194
-83.4682333984	-83.9142403194
-84.1410259645	-83.9142403194
-81.9768987206	-84.3704642801
-82.6038379399	-84.60265632
-82.39296693	-84.3704642801
-81.9768987206	-83.9142403194
-83.0316770976	-84.60265632
-82.8167124487	-84.3704642801
-83.0316770976	-84.60265632
-84.3704642801	-84.3704642801
-82.8167124487	-84.60265632
-83.2488205275	-84.8377052757
-83.6900084097	-84.8377052757
-83.2488205275	-84.1410259645
-82.39296693	-83.9142403194
-82.39296693	-83.9142403194
-82.39296693	-84.1410259645
-81.9768987206	-84.60265632
-83.2488205275	-84.1410259645
-82.1840147574	-84.3704642801
-81.9768987206	-85.0757164966
-83.0316770976	-84.1410259645
-82.6038379399	-83.9142403194
-82.8167124487	-84.1410259645
-82.6038379399	-84.60265632
-82.39296693	-84.1410259645
-82.6038379399	-84.3704642801
-82.1840147574	-83.6900084097
-82.1840147574	-84.1410259645
-82.39296693	-84.1410259645
-82.1840147574	-84.1410259645
-83.2488205275	-84.60265632
-81.9768987206	-84.1410259645
-82.1840147574	-84.1410259645
-82.6038379399	-84.3704642801
-82.8167124487	-84.1410259645
-83.2488205275	-84.3704642801
-82.39296693	-83.6900084097
-82.39296693	-84.60265632
-82.1840147574	-84.3704642801
-83.0316770976	-84.1410259645
-81.3657693928	-83.6900084097
-82.39296693	-84.3704642801
-81.9768987206	-84.1410259645
-83.0316770976	-83.6900084097
-82.6038379399	-84.60265632
-83.0316770976	-84.1410259645
-82.1840147574	-84.3704642801
-82.6038379399	-83.9142403194
-82.39296693	-85.0757164966
-82.1840147574	-84.1410259645
-82.8167124487	-84.1410259645
-83.4682333984	-84.1410259645
-82.39296693	-84.1410259645
-83.4682333984	-84.60265632
-82.8167124487	-84.3704642801
-82.6038379399	-84.8377052757
-83.0316770976	-83.6900084097
-82.8167124487	-84.3704642801
-82.8167124487	-83.4682333984
-82.8167124487	-83.9142403194
-83.2488205275	-83.9142403194
-83.0316770976	-84.60265632
-82.39296693	-84.60265632
-81.3657693928	-84.1410259645
-82.8167124487	-84.60265632
-81.567853929	-84.1410259645
-83.4682333984	-84.3704642801
-83.0316770976	-84.1410259645
-82.39296693	-84.1410259645
-83.0316770976	-84.3704642801
-83.4682333984	-85.0757164966
-82.6038379399	-84.1410259645
-82.8167124487	-84.3704642801
-83.0316770976	-85.0757164966
-83.0316770976	-84.8377052757
-82.8167124487	-84.1410259645
-81.9768987206	-84.3704642801
-82.8167124487	-84.8377052757
-81.9768987206	-83.6900084097
-82.6038379399	-83.9142403194
-82.39296693	-84.1410259645
-81.9768987206	-84.1410259645
-82.39296693	-83.9142403194
-82.8167124487	-84.1410259645
-82.6038379399	-84.8377052757
-82.1840147574	-84.3704642801
-82.1840147574	-84.3704642801
-82.6038379399	-83.9142403194
-81.7715380581	-84.3704642801
-82.1840147574	-83.9142403194
-82.6038379399	-85.0757164966
-82.8167124487	-84.8377052757
-82.39296693	-84.60265632
-82.8167124487	-84.1410259645
-83.2488205275	-84.60265632
-83.0316770976	-83.6900084097
-83.0316770976	-84.1410259645
-82.6038379399	-84.3704642801
-81.9768987206	-84.60265632
-82.6038379399	-83.9142403194
-83.0316770976	-84.60265632
-83.0316770976	-84.1410259645
-83.0316770976	-83.4682333984
-83.0316770976	-84.1410259645
-83.0316770976	-83.4682333984
-82.1840147574	-84.60265632
-82.39296693	-85.0757164966
-83.0316770976	-84.1410259645
-82.6038379399	-84.3704642801
-83.0316770976	-83.9142403194
-81.9768987206	-84.3704642801
-83.0316770976	-84.1410259645
-82.39296693	-83.6900084097
-82.8167124487	-84.8377052757
-82.6038379399	-84.60265632
-81.7715380581	-83.9142403194
-82.1840147574	-84.3704642801
-81.9768987206	-84.1410259645
-82.6038379399	-84.8377052757
-82.1840147574	-84.60265632
-82.1840147574	-84.3704642801
-81.9768987206	-84.60265632
-82.39296693	-83.9142403194
-83.0316770976	-84.60265632
-81.567853929	-84.1410259645
-82.8167124487	-84.8377052757
-82.1840147574	-84.60265632
-82.6038379399	-84.8377052757
-83.0316770976	-84.3704642801
-82.8167124487	-84.60265632
-82.39296693	-84.60265632
-82.1840147574	-83.6900084097
-82.6038379399	-84.3704642801
-82.6038379399	-84.1410259645
-81.9768987206	-83.4682333984
-81.9768987206	-84.1410259645
-82.8167124487	-84.3704642801
-83.0316770976	-84.8377052757
-82.39296693	-83.9142403194
-83.0316770976	-83.9142403194
-83.0316770976	-83.6900084097
-82.6038379399	-84.60265632
-83.6900084097	-84.3704642801
-83.0316770976	-84.8377052757
-82.39296693	-84.1410259645
-83.0316770976	-84.1410259645
-82.8167124487	-84.3704642801
-82.8167124487	-84.3704642801
-82.1840147574	-84.60265632
-81.7715380581	-84.3704642801
-82.8167124487	-84.3704642801
-82.39296693	-83.9142403194
-82.8167124487	-84.3704642801
-82.8167124487	-84.1410259645
-82.1840147574	-84.8377052757
-81.9768987206	-84.3704642801
-83.0316770976	-84.3704642801
-83.0316770976	-83.9142403194
-81.3657693928	-84.3704642801
-81.9768987206	-84.3704642801
-83.0316770976	-84.3704642801
-83.2488205275	-84.8377052757
-83.0316770976	-84.8377052757
-82.6038379399	-84.3704642801
-82.6038379399	-84.60265632
-82.6038379399	-83.9142403194
-82.39296693	-83.9142403194
-82.39296693	-84.8377052757
-82.1840147574	-84.8377052757
-83.2488205275	-84.1410259645
-83.2488205275	-84.3704642801
-81.9768987206	-84.8377052757
-83.9142403194	-83.6900084097
-83.2488205275	-84.1410259645
-82.6038379399	-84.1410259645
-82.6038379399	-84.1410259645
-82.8167124487	-84.1410259645
-81.7715380581	-84.60265632
-83.2488205275	-84.3704642801
-83.0316770976	-83.9142403194
-83.0316770976	-84.3704642801
-82.8167124487	-83.9142403194
-82.1840147574	-84.3704642801
-81.9768987206	-83.9142403194
-81.9768987206	-83.9142403194
-83.4682333984	-85.0757164966
-81.9768987206	-84.1410259645
-82.6038379399	-84.1410259645
-82.39296693	-83.9142403194
-82.39296693	-83.9142403194
-83.6900084097	-83.9142403194
-82.1840147574	-83.4682333984
-82.39296693	-84.3704642801
-82.6038379399	-83.9142403194
-82.6038379399	-83.9142403194
-83.2488205275	-84.60265632
-82.1840147574	-83.9142403194
-83.0316770976	-84.1410259645
-82.8167124487	-84.3704642801
-83.0316770976	-84.3704642801
-82.39296693	-83.4682333984
-82.1840147574	-84.3704642801
-83.0316770976	-84.3704642801
-83.0316770976	-84.1410259645
-82.1840147574	-83.9142403194
-83.2488205275	-84.60265632
-82.39296693	-84.60265632
-83.2488205275	-84.60265632
-82.8167124487	-84.1410259645
-82.39296693	-84.3704642801
-81.3657693928	-85.0757164966
-83.0316770976	-84.1410259645
-83.0316770976	-83.9142403194
-82.1840147574	-83.9142403194
-81.7715380581	-83.9142403194
-83.0316770976	-84.1410259645
-82.6038379399	-84.60265632
-81.9768987206	-83.4682333984
-82.6038379399	-84.1410259645
-82.1840147574	-84.1410259645
-81.9768987206	-84.60265632
-82.39296693	-84.8377052757
-82.8167124487	-84.8377052757
-83.0316770976	-84.1410259645
-83.0316770976	-84.3704642801
-82.39296693	-84.1410259645
-82.39296693	-84.3704642801
-81.9768987206	-84.60265632
-82.6038379399	-85.0757164966
-82.1840147574	-84.3704642801
-82.8167124487	-84.8377052757
-83.2488205275	-83.9142403194
-82.6038379399	-84.60265632
-82.39296693	-84.60265632
-82.8167124487	-84.1410259645
-83.4682333984	-84.3704642801
-82.8167124487	-84.8377052757
-83.4682333984	-84.60265632
-82.6038379399	-84.1410259645
-82.8167124487	-83.9142403194
-82.8167124487	-84.60265632
-82.6038379399	-84.8377052757
-82.1840147574	-85.0757164966
-83.2488205275	-85.31679751
-82.8167124487	-84.60265632
-83.0316770976	-85.31679751
-82.8167124487	-84.3704642801
-83.0316770976	-84.3704642801
-83.6900084097	-83.4682333984
-81.7715380581	-84.8377052757
-81.7715380581	-84.60265632
-82.39296693	-84.60265632
-81.567853929	-84.8377052757
-82.1840147574	-84.1410259645
-82.6038379399	-84.3704642801
-83.2488205275	-84.1410259645
-83.0316770976	-85.0757164966
-82.8167124487	-84.1410259645
-82.6038379399	-85.0757164966
-82.1840147574	-84.60265632
-82.39296693	-84.8377052757
-83.4682333984	-84.60265632
-83.0316770976	-84.1410259645
-82.39296693	-84.3704642801
-83.0316770976	-84.3704642801
-83.4682333984	-83.9142403194
-82.8167124487	-84.60265632
-82.6038379399	-83.9142403194
-82.8167124487	-84.3704642801
-82.1840147574	-84.3704642801
-82.6038379399	-83.6900084097
-81.567853929	-84.60265632
-83.2488205275	-84.1410259645
-82.8167124487	-84.3704642801
-83.0316770976	-84.1410259645
-83.0316770976	-83.9142403194
-83.2488205275	-84.60265632
-83.9142403194	-84.1410259645
-82.1840147574	-85.0757164966
-82.8167124487	-84.3704642801
-83.2488205275	-83.9142403194
-82.8167124487	-84.60265632
-82.6038379399	-84.3704642801
-82.1840147574	-83.9142403194
-82.1840147574	-84.60265632
-81.9768987206	-84.60265632
-82.6038379399	-84.8377052757
-83.0316770976	-84.3704642801
-82.6038379399	-84.3704642801
-82.8167124487	-84.8377052757
-82.39296693	-83.6900084097
-82.39296693	-84.1410259645
-81.9768987206	-84.60265632
-83.6900084097	-84.3704642801
-82.39296693	-84.60265632
-83.4682333984	-84.8377052757
-83.0316770976	-84.3704642801
-83.2488205275	-84.60265632
-83.0316770976	-84.60265632
-82.1840147574	-84.1410259645
-82.1840147574	-84.60265632
-83.0316770976	-84.1410259645
-82.8167124487	-85.0757164966
-81.9768987206	-84.60265632
-82.39296693	-84.60265632
-83.2488205275	-84.60265632
-82.8167124487	-83.6900084097
-82.1840147574	-84.1410259645
-83.2488205275	-84.1410259645
-82.6038379399	-84.1410259645
-82.39296693	-84.1410259645
-82.8167124487	-84.1410259645
-82.39296693	-84.1410259645
-82.8167124487	-84.60265632
-81.9768987206	-83.6900084097
-82.39296693	-83.6900084097
-83.0316770976	-84.1410259645
-82.1840147574	-84.60265632
-83.0316770976	-84.3704642801
-82.39296693	-84.8377052757
-83.4682333984	-84.8377052757
-83.2488205275	-84.60265632
-83.0316770976	-84.60265632
-83.0316770976	-84.60265632
-82.6038379399	-85.31679751
-83.4682333984	-84.3704642801
-82.6038379399	-84.1410259645
-82.6038379399	-84.8377052757
-83.0316770976	-84.1410259645
-81.7715380581	-84.3704642801
-81.9768987206	-84.1410259645
-83.4682333984	-84.60265632
-83.2488205275	-83.9142403194
-81.9768987206	-84.1410259645
-83.0316770976	-83.9142403194
-82.6038379399	-84.60265632
-82.39296693	-85.0757164966
-82.6038379399	-84.3704642801
-83.0316770976	-84.60265632
-82.8167124487	-84.3704642801
-82.8167124487	-84.3704642801
-82.8167124487	-84.60265632
-82.8167124487	-84.3704642801
-81.9768987206	-83.9142403194
-83.0316770976	-84.3704642801
-83.0316770976	-85.0757164966
-82.6038379399	-85.31679751
-82.6038379399	-84.60265632
-83.0316770976	-84.60265632
-82.1840147574	-84.3704642801
-81.9768987206	-84.8377052757
-82.8167124487	-84.3704642801
-82.8167124487	-84.3704642801
-82.39296693	-84.3704642801
-83.2488205275	-84.8377052757
-81.3657693928	-84.60265632
-82.8167124487	-84.3704642801
-82.39296693	-84.3704642801
-83.4682333984	-84.3704642801
-83.2488205275	-84.60265632
-82.39296693	-84.1410259645
-82.1840147574	-84.60265632
-83.0316770976	-85.0757164966
-82.8167124487	-84.1410259645
-83.4682333984	-84.3704642801
-82.6038379399	-85.0757164966
-83.2488205275	-84.60265632
-83.0316770976	-84.1410259645
-82.8167124487	-83.9142403194
-82.1840147574	-84.1410259645
-82.39296693	-84.60265632
-83.0316770976	-84.1410259645
-82.1840147574	-84.1410259645
-82.1840147574	-83.6900084097
-82.1840147574	-84.1410259645
-83.2488205275	-84.3704642801
-82.39296693	-84.60265632
-83.0316770976	-84.3704642801
-82.6038379399	-84.60265632
-82.6038379399	-84.1410259645
-83.0316770976	-85.31679751
-82.6038379399	-84.3704642801
-82.39296693	-84.8377052757
-83.4682333984	-84.1410259645
-82.8167124487	-84.1410259645
-82.1840147574	-84.1410259645
-82.6038379399	-83.6900084097
-82.6038379399	-84.60265632
-82.6038379399	-84.3704642801
-82.1840147574	-84.8377052757
-83.0316770976	-83.2488205275
-82.8167124487	-84.3704642801
-83.2488205275	-84.60265632
-83.9142403194	-84.60265632
-83.2488205275	-84.1410259645
-82.39296693	-84.3704642801
-82.8167124487	-84.1410259645
-81.9768987206	-84.1410259645
-81.7715380581	-84.3704642801
-83.4682333984	-85.0757164966
-81.9768987206	-85.0757164966
-81.9768987206	-84.3704642801
-83.2488205275	-84.60265632
-83.2488205275	-84.3704642801
-82.1840147574	-84.3704642801
-83.0316770976	-84.60265632
-83.2488205275	-85.0757164966
-82.39296693	-84.60265632
-82.6038379399	-84.3704642801
-83.4682333984	-84.1410259645
-82.6038379399	-84.60265632
-82.39296693	-84.8377052757
-82.1840147574	-84.1410259645
-82.8167124487	-85.0757164966
-82.1840147574	-84.3704642801
-83.0316770976	-84.3704642801
-82.39296693	-84.3704642801
-82.6038379399	-83.9142403194
-82.1840147574	-84.3704642801
-82.6038379399	-84.8377052757
-82.6038379399	-84.60265632
-82.8167124487	-85.0757164966
-82.1840147574	-84.60265632
-82.8167124487	-84.1410259645
-82.1840147574	-84.60265632
-81.7715380581	-84.60265632
-81.9768987206	-83.9142403194
-83.4682333984	-83.9142403194
-82.6038379399	-84.60265632
-81.9768987206	-85.0757164966
-81.9768987206	-84.1410259645
-82.39296693	-85.0757164966
-83.0316770976	-83.6900084097
-82.6038379399	-84.60265632
-83.2488205275	-84.3704642801
-83.4682333984	-84.8377052757
-81.7715380581	-84.60265632
-83.2488205275	-84.60265632
-82.8167124487	-84.3704642801
-82.8167124487	-85.0757164966
-83.4682333984	-84.1410259645
-82.39296693	-85.0757164966
-82.1840147574	-84.60265632
-82.6038379399	-84.3704642801
-83.2488205275	-84.8377052757
-83.6900084097	-84.60265632
-83.0316770976	-84.1410259645
-82.6038379399	-85.31679751
-83.0316770976	-84.1410259645
-81.9768987206	-84.60265632
-81.7715380581	-85.31679751
-82.8167124487	-84.60265632
-81.9768987206	-84.60265632
-83.0316770976	-84.3704642801
-83.2488205275	-83.9142403194
-83.2488205275	-84.1410259645
-83.9142403194	-85.0757164966
-82.6038379399	-84.3704642801
-82.39296693	-84.3704642801
-81.9768987206	-85.5610580402
-83.0316770976	-84.3704642801
-83.0316770976	-83.4682333984
-82.8167124487	-83.9142403194
-82.6038379399	-84.1410259645
-82.6038379399	-84.1410259645
-82.6038379399	-84.60265632
-83.0316770976	-84.3704642801
-83.0316770976	-84.3704642801
-82.1840147574	-84.1410259645
-82.8167124487	-84.1410259645
-81.9768987206	-84.3704642801
-82.6038379399	-84.1410259645
-83.4682333984	-84.1410259645
-82.6038379399	-84.60265632
-82.8167124487	-84.60265632
-82.8167124487	-84.60265632
-82.6038379399	-84.3704642801
-83.0316770976	-83.6900084097
-83.4682333984	-83.9142403194
-83.2488205275	-84.3704642801
-81.7715380581	-84.1410259645
-82.6038379399	-84.1410259645
-81.9768987206	-84.1410259645
-82.39296693	-84.1410259645
-82.1840147574	-84.1410259645
-83.2488205275	-85.31679751
-82.6038379399	-83.0316770976
-82.8167124487	-84.60265632
-82.8167124487	-84.3704642801
-82.8167124487	-84.1410259645
-83.2488205275	-84.8377052757
-82.6038379399	-84.8377052757
-82.39296693	-84.3704642801
-82.6038379399	-84.8377052757
-83.4682333984	-84.3704642801
-82.39296693	-84.3704642801
-82.8167124487	-84.60265632
-82.8167124487	-84.8377052757
-82.6038379399	-84.3704642801
-82.6038379399	-85.0757164966
-82.39296693	-84.1410259645
-83.2488205275	-85.31679751
-82.8167124487	-84.60265632
-82.39296693	-83.9142403194
-82.39296693	-84.60265632
-82.39296693	-84.1410259645
-82.1840147574	-84.3704642801
-82.6038379399	-84.1410259645
-82.8167124487	-84.3704642801
-83.4682333984	-84.60265632
-83.2488205275	-83.9142403194
-83.2488205275	-84.1410259645
-83.0316770976	-83.9142403194
-83.6900084097	-84.3704642801
-83.2488205275	-84.3704642801
-82.6038379399	-84.1410259645
-82.8167124487	-84.8377052757
-82.1840147574	-84.1410259645
-83.0316770976	-83.9142403194
-82.39296693	-84.1410259645
-82.6038379399	-84.1410259645
-83.0316770976	-85.0757164966
-82.6038379399	-83.9142403194
-83.2488205275	-84.60265632
-82.1840147574	-85.5610580402
-82.39296693	-84.60265632
-83.2488205275	-84.3704642801
-82.8167124487	-84.60265632
-82.6038379399	-84.8377052757
-82.39296693	-84.60265632
-82.6038379399	-84.3704642801
-82.1840147574	-84.1410259645
-82.1840147574	-84.3704642801
-82.39296693	-84.60265632
-82.6038379399	-84.1410259645
-83.2488205275	-84.1410259645
-82.8167124487	-83.9142403194
-82.39296693	-84.3704642801
-82.8167124487	-84.60265632
-83.0316770976	-84.60265632
-83.4682333984	-84.60265632
-82.6038379399	-84.1410259645
-83.0316770976	-84.1410259645
-82.6038379399	-84.1410259645
-83.0316770976	-83.9142403194
-83.0316770976	-84.1410259645
-83.0316770976	-84.3704642801
-82.39296693	-84.1410259645
-83.0316770976	-84.60265632
-82.1840147574	-83.9142403194
-82.6038379399	-84.60265632
-82.6038379399	-84.1410259645
-82.8167124487	-83.9142403194
-82.6038379399	-84.60265632
-82.6038379399	-83.4682333984
-83.2488205275	-84.60265632
-82.1840147574	-84.3704642801
-82.1840147574	-84.8377052757
-82.6038379399	-84.3704642801
-83.4682333984	-84.1410259645
-82.6038379399	-85.0757164966
-82.39296693	-85.0757164966
-81.9768987206	-84.1410259645
-83.0316770976	-84.60265632
-81.7715380581	-84.3704642801
-82.39296693	-83.9142403194
-82.8167124487	-84.60265632
-82.8167124487	-84.1410259645
-82.8167124487	-83.6900084097
-82.6038379399	-84.8377052757
-82.6038379399	-83.6900084097
-82.8167124487	-84.60265632
-83.0316770976	-84.1410259645
-82.6038379399	-84.1410259645
-81.7715380581	-84.3704642801
-83.2488205275	-84.60265632
-81.7715380581	-83.9142403194
-83.0316770976	-84.60265632
-82.39296693	-83.9142403194
-81.7715380581	-83.9142403194
-83.0316770976	-84.8377052757
-82.8167124487	-83.9142403194
-81.9768987206	-84.1410259645
-82.6038379399	-83.9142403194
-82.8167124487	-83.9142403194
-82.8167124487	-84.8377052757
-81.9768987206	-84.1410259645
-82.6038379399	-84.1410259645
-82.6038379399	-84.1410259645
-82.1840147574	-84.60265632
-82.1840147574	-84.1410259645
-81.9768987206	-84.60265632
-82.39296693	-84.8377052757
-83.6900084097	-84.60265632
-82.6038379399	-83.9142403194
-81.567853929	-84.3704642801
-83.6900084097	-83.6900084097
-82.6038379399	-84.8377052757
-82.6038379399	-85.0757164966
-83.2488205275	-84.8377052757
-82.6038379399	-84.3704642801
-82.39296693	-84.1410259645
-82.6038379399	-84.60265632
-82.6038379399	-84.60265632
-83.2488205275	-84.8377052757
-82.1840147574	-84.8377052757
-82.6038379399	-84.1410259645
-82.6038379399	-84.1410259645
-82.1840147574	-84.8377052757
-82.6038379399	-84.1410259645
-83.0316770976	-84.60265632
-82.1840147574	-83.6900084097
-82.39296693	-84.8377052757
-82.1840147574	-84.60265632
-82.6038379399	-84.3704642801
-82.8167124487	-83.4682333984
-82.8167124487	-84.3704642801
-82.6038379399	-84.8377052757
-81.9768987206	-84.1410259645
-82.8167124487	-83.6900084097
-82.6038379399	-84.8377052757
-82.1840147574	-84.3704642801
-81.9768987206	-84.3704642801
-82.39296693	-84.3704642801
-81.9768987206	-84.3704642801
-82.6038379399	-85.0757164966
-82.1840147574	-84.60265632
-83.6900084097	-83.9142403194
-83.2488205275	-83.6900084097
-82.6038379399	-84.1410259645
-82.39296693	-84.1410259645
-82.6038379399	-84.8377052757
-82.8167124487	-83.9142403194
-82.6038379399	-84.8377052757
-83.0316770976	-83.9142403194
-83.4682333984	-84.1410259645
-83.0316770976	-84.60265632
-82.8167124487	-83.9142403194
-83.2488205275	-83.9142403194
-82.1840147574	-84.60265632
-82.39296693	-84.8377052757
-82.39296693	-83.9142403194
-82.1840147574	-84.8377052757
-83.0316770976	-84.60265632
-82.6038379399	-84.8377052757
-82.8167124487	-83.4682333984
-82.39296693	-84.3704642801
-82.6038379399	-84.1410259645
-83.0316770976	-84.60265632
-82.6038379399	-84.3704642801
-82.6038379399	-83.9142403194
-81.3657693928	-84.1410259645
-82.6038379399	-83.9142403194
-82.8167124487	-84.3704642801
-83.0316770976	-84.3704642801
-82.39296693	-84.60265632
-82.1840147574	-84.1410259645
-82.1840147574	-84.3704642801
-82.8167124487	-83.6900084097
-81.567853929	-84.60265632
-82.1840147574	-84.1410259645
-83.2488205275	-84.3704642801
-82.1840147574	-84.3704642801
-82.6038379399	-84.1410259645
-81.7715380581	-84.8377052757
-83.0316770976	-84.1410259645
-83.4682333984	-84.1410259645
-83.0316770976	-84.1410259645
-81.3657693928	-84.8377052757
-83.2488205275	-84.8377052757
-82.39296693	-84.1410259645
-82.1840147574	-83.9142403194
-82.39296693	-83.6900084097
-83.0316770976	-84.3704642801
-81.9768987206	-84.8377052757
-82.6038379399	-83.9142403194
-83.2488205275	-84.3704642801
-82.1840147574	-83.9142403194
-82.1840147574	-84.8377052757
-81.9768987206	-83.9142403194
-82.1840147574	-85.0757164966
-82.39296693	-85.0757164966
-82.8167124487	-83.9142403194
-82.1840147574	-84.3704642801
-81.3657693928	-85.0757164966
-83.2488205275	-84.3704642801
-82.6038379399	-84.3704642801
-82.39296693	-84.3704642801
-82.1840147574	-84.8377052757
-81.9768987206	-84.60265632
-81.9768987206	-84.60265632
-83.2488205275	-85.0757164966
-81.9768987206	-83.6900084097
-81.9768987206	-85.5610580402
-82.39296693	-84.3704642801
-81.9768987206	-85.0757164966
-81.9768987206	-84.60265632
-81.9768987206	-84.60265632
-83.0316770976	-84.1410259645
-82.1840147574	-84.60265632
-84.3704642801	-84.8377052757
-81.7715380581	-84.1410259645
-82.39296693	-85.0757164966
-82.39296693	-84.1410259645
-83.0316770976	-84.3704642801
-82.39296693	-84.1410259645
-82.1840147574	-83.6900084097
-81.7715380581	-84.3704642801
-82.1840147574	-84.3704642801
-82.39296693	-84.60265632
-83.0316770976	-84.3704642801
-83.4682333984	-84.60265632
-82.8167124487	-84.8377052757
-82.1840147574	-83.6900084097
-83.0316770976	-84.3704642801
-83.0316770976	-84.8377052757
-82.6038379399	-84.60265632
-82.39296693	-84.1410259645
-82.39296693	-84.1410259645
-83.4682333984	-84.60265632
-82.1840147574	-84.60265632
-83.2488205275	-84.1410259645
-83.4682333984	-84.1410259645
-81.7715380581	-83.9142403194
-82.1840147574	-83.9142403194
-83.2488205275	-84.60265632
-83.4682333984	-84.1410259645
-82.39296693	-83.9142403194
-82.6038379399	-84.3704642801
-83.4682333984	-84.1410259645
-82.6038379399	-84.8377052757
-81.567853929	-84.1410259645
-81.567853929	-83.9142403194
-81.7715380581	-85.0757164966
-83.6900084097	-84.8377052757
-81.9768987206	-84.3704642801
-82.6038379399	-84.8377052757
-82.8167124487	-84.3704642801
-83.2488205275	-85.31679751
-82.8167124487	-85.0757164966
-82.1840147574	-84.8377052757
-81.7715380581	-84.8377052757
-82.6038379399	-84.3704642801
-82.1840147574	-84.8377052757
-82.6038379399	-84.60265632
-83.4682333984	-84.60265632
-83.2488205275	-84.3704642801
-82.39296693	-84.3704642801
-82.8167124487	-84.8377052757
-82.6038379399	-84.3704642801
-82.39296693	-83.9142403194
-82.39296693	-84.1410259645
-83.0316770976	-83.6900084097
-82.39296693	-84.1410259645
-81.9768987206	-83.6900084097
-82.8167124487	-84.60265632
-82.6038379399	-84.60265632
-82.1840147574	-84.60265632
-83.0316770976	-84.3704642801
-82.8167124487	-84.8377052757
-82.1840147574	-84.60265632
-82.8167124487	-84.3704642801
-82.6038379399	-84.1410259645
-82.39296693	-84.1410259645
-82.8167124487	-84.1410259645
-83.9142403194	-84.60265632
-83.4682333984	-84.60265632
-82.8167124487	-85.0757164966
-82.39296693	-84.8377052757
-82.1840147574	-84.8377052757
-83.2488205275	-83.9142403194
-82.6038379399	-84.60265632
-81.567853929	-85.0757164966
-81.567853929	-83.9142403194
-83.0316770976	-84.3704642801
-82.1840147574	-84.1410259645
-82.39296693	-85.31679751
-82.6038379399	-84.3704642801
-83.0316770976	-85.0757164966
-81.7715380581	-84.8377052757
-82.6038379399	-84.8377052757
-82.6038379399	-84.3704642801
-82.39296693	-84.3704642801
-83.9142403194	-83.9142403194
-83.4682333984	-84.60265632
-83.0316770976	-84.3704642801
-83.4682333984	-85.5610580402
-82.39296693	-85.0757164966
-82.8167124487	-84.3704642801
-82.39296693	-84.8377052757
-83.0316770976	-85.5610580402
-82.6038379399	-83.6900084097
-82.6038379399	-84.60265632
-82.6038379399	-85.0757164966
-81.9768987206	-84.60265632
-82.8167124487	-84.1410259645
-82.6038379399	-83.9142403194
-83.6900084097	-84.3704642801
-82.1840147574	-85.0757164966
-83.0316770976	-84.8377052757
-82.6038379399	-85.0757164966
-83.9142403194	-85.5610580402
-82.8167124487	-85.0757164966
-82.39296693	-84.1410259645
-83.0316770976	-84.60265632
-81.9768987206	-84.8377052757
-82.39296693	-84.3704642801
-83.0316770976	-84.3704642801
-83.4682333984	-84.8377052757
-82.6038379399	-84.1410259645
-83.2488205275	-84.60265632
-82.6038379399	-84.8377052757
-83.2488205275	-84.60265632
-82.8167124487	-84.60265632
-83.0316770976	-84.60265632
-82.1840147574	-84.1410259645
-82.8167124487	-84.60265632
-82.6038379399	-85.31679751
-83.0316770976	-83.9142403194
-82.8167124487	-84.8377052757
-83.0316770976	-85.31679751
-83.0316770976	-85.0757164966
-83.2488205275	-84.3704642801
-83.0316770976	-85.0757164966
-82.8167124487	-84.60265632
-83.9142403194	-84.60265632
-83.4682333984	-85.0757164966
-81.9768987206	-84.1410259645
-84.1410259645	-85.0757164966
-82.6038379399	-84.3704642801
-82.39296693	-85.5610580402
-81.9768987206	-85.31679751
-83.4682333984	-84.8377052757
-82.1840147574	-84.8377052757
-83.9142403194	-84.1410259645
-82.6038379399	-84.3704642801
-83.4682333984	-84.3704642801
-83.0316770976	-84.8377052757
-83.9142403194	-84.3704642801
-83.2488205275	-84.8377052757
-82.39296693	-85.0757164966
-84.1410259645	-85.0757164966
-81.9768987206	-84.60265632
-83.2488205275	-84.8377052757
-82.1840147574	-84.1410259645
-82.6038379399	-84.60265632
-82.6038379399	-84.60265632
-81.9768987206	-84.60265632
-83.4682333984	-84.1410259645
-82.1840147574	-84.8377052757
-82.6038379399	-83.9142403194
-83.0316770976	-85.0757164966
-81.9768987206	-84.3704642801
-81.9768987206	-85.8086100291
-83.4682333984	-85.0757164966
-83.0316770976	-84.1410259645
-82.39296693	-84.3704642801
-83.0316770976	-84.8377052757
-83.6900084097	-84.3704642801
-81.9768987206	-84.1410259645
-82.6038379399	-85.31679751
-82.6038379399	-85.0757164966
-82.1840147574	-85.8086100291
-82.1840147574	-84.8377052757
-84.1410259645	-83.9142403194
-82.39296693	-84.8377052757
-82.39296693	-84.8377052757
-83.9142403194	-84.3704642801
-83.0316770976	-84.8377052757
-82.1840147574	-85.0757164966
-82.6038379399	-84.8377052757
-81.9768987206	-84.8377052757
-84.1410259645	-85.8086100291
-82.39296693	-84.1410259645
-82.39296693	-84.60265632
-83.2488205275	-83.9142403194
-82.8167124487	-84.3704642801
-81.7715380581	-85.0757164966
-82.8167124487	-84.1410259645
-82.1840147574	-84.3704642801
-81.7715380581	-84.60265632
-82.1840147574	-84.3704642801
-81.9768987206	-85.0757164966
-83.2488205275	-84.8377052757
-84.1410259645	-84.60265632
-81.7715380581	-84.8377052757
-81.9768987206	-84.8377052757
-83.2488205275	-84.60265632
-82.39296693	-84.60265632
-82.8167124487	-84.60265632
-82.6038379399	-84.60265632
-81.9768987206	-84.3704642801
-82.39296693	-84.3704642801
-82.8167124487	-84.3704642801
-81.567853929	-85.31679751
-83.2488205275	-83.9142403194
-83.4682333984	-84.8377052757
-83.4682333984	-84.60265632
-82.8167124487	-84.60265632
-82.1840147574	-84.1410259645
-83.6900084097	-84.8377052757
-82.39296693	-84.1410259645
-82.8167124487	-84.8377052757
-82.8167124487	-84.8377052757
-83.0316770976	-84.8377052757
-83.2488205275	-84.1410259645
-82.1840147574	-83.9142403194
-83.0316770976	-84.8377052757
-82.8167124487	-84.8377052757
-82.1840147574	-85.5610580402
-83.0316770976	-83.9142403194
-83.0316770976	-84.60265632
-82.6038379399	-84.1410259645
-82.39296693	-84.1410259645
-83.0316770976	-83.2488205275
-82.1840147574	-85.8086100291
-82.39296693	-84.8377052757
-83.4682333984	-84.3704642801
-84.3704642801	-85.31679751
-82.6038379399	-84.8377052757
-82.39296693	-84.8377052757
-82.6038379399	-84.1410259645
-82.6038379399	-84.8377052757
-83.2488205275	-84.3704642801
-82.8167124487	-84.60265632
-82.8167124487	-84.60265632
-83.2488205275	-84.8377052757
-82.1840147574	-84.3704642801
-82.8167124487	-85.0757164966
-82.8167124487	-85.0757164966
-83.2488205275	-84.8377052757
-83.2488205275	-85.31679751
-82.6038379399	-85.5610580402
-83.9142403194	-84.60265632
-82.1840147574	-84.60265632
-82.1840147574	-83.6900084097
-82.8167124487	-85.5610580402
-83.0316770976	-84.8377052757
-82.1840147574	-84.60265632
-82.39296693	-84.60265632
-82.6038379399	-84.60265632
-83.0316770976	-84.8377052757
-82.6038379399	-84.8377052757
-82.39296693	-84.60265632
-83.2488205275	-84.60265632
-83.2488205275	-84.60265632
-83.0316770976	-84.3704642801
-83.0316770976	-83.9142403194
-82.6038379399	-84.1410259645
-81.9768987206	-84.3704642801
-82.39296693	-84.8377052757
-82.6038379399	-83.4682333984
-82.1840147574	-84.1410259645
-82.39296693	-84.60265632
-82.8167124487	-84.3704642801
-81.9768987206	-84.8377052757
-82.6038379399	-85.0757164966
-82.8167124487	-83.6900084097
-83.2488205275	-83.9142403194
-82.6038379399	-83.6900084097
-81.9768987206	-84.3704642801
-82.6038379399	-84.1410259645
-82.6038379399	-84.8377052757
-82.8167124487	-84.1410259645
-82.6038379399	-84.8377052757
-83.9142403194	-84.60265632
-83.2488205275	-84.1410259645
-82.8167124487	-84.1410259645
-82.6038379399	-84.1410259645
-83.0316770976	-83.9142403194
-82.8167124487	-84.60265632
-81.9768987206	-83.6900084097

